5b5ec294-097a-4044-9cea-106a3d49a94f	282	138324	0.002	11.711	117411
eb5c6847-a8df-5b15-bee9-8073f722fc0b	5779	109062	0.053	13.099	97485
2dcf244f-f55d-4d7e-a199-4f52ef00c535	3473	116784	0.030	15.731	110278
bb2748f8-4344-4dc5-a729-272e62c93f7b	0	106490	0.000	10.705	85287
6d983df6-1d73-423e-991b-11836cba2ea2	8736	103142	0.085	16.330	98244
83a2aaf6-1b14-4884-a2c5-64bf57a9c316	905	103842	0.009	17.280	99923
c58b3fbc-9ca3-5b86-98af-cd9b8c401bbf	7060	141086	0.050	15.273	132717
93c2b037-92e3-4077-a7e2-88a8b1991038	16177	105286	0.154	13.983	96047
cf126039-865c-518e-9bb9-e1b5eb728d67	3132	126313	0.025	14.515	117209
eefded9d-3388-5ddd-a556-7e5072dd8505	2552	108912	0.023	14.231	100404
b43cc1f4-6556-5b9d-b85c-1656c02999b6	7124	119513	0.060	12.784	106881
c2053c0a-dde0-5069-a5de-b0bae267d9f4	6028	133390	0.045	14.792	123920
53b9c3ef-ffe5-56bb-a84a-a375a54196ab	6529	148838	0.044	13.556	134510
34dbdf9d-45a5-5ad2-9f25-650f101c1e20	3982	102514	0.039	14.856	95602
4a9d6060-829b-5d2c-9d6d-61bed326c97a	4422	106207	0.042	15.222	99701
3422d73b-0f48-559f-9461-1612b294b4b2	5009	109543	0.046	15.089	102701
4afdbd9a-b8ba-5210-8f90-b5a74252a724	4663	105478	0.044	11.222	87223
8fda3218-1c1c-56a7-a325-7f7fc8cfb23c	3273	104302	0.031	14.800	97007
a6650ed0-6d6d-47b0-822d-aec01bf72ffb	3678	106851	0.034	13.823	97494
476ee08a-64e4-4bcc-a882-ab7cdbddcfee	3925	117916	0.033	14.489	109289
7412dc2a-5be8-5295-b2be-7dd16d4b05a2	4493	108827	0.041	14.157	100075
2f480e45-25a3-51d9-b981-a049351bf106	4674	109580	0.043	15.087	102641
a8ccce34-370e-54c3-b50f-de091087bb58	8746	165841	0.053	13.525	150439
e54f8aa9-29d6-47d2-8e0e-7b76f86b649b	359	127698	0.003	11.459	106416
58b31fa2-0807-59e0-88aa-8b3ce3ce237a	5862	108172	0.054	14.019	99346
d79f53cf-905d-5014-83f6-0e0a6e32e00d	4185	126212	0.033	12.262	109180
c947bc73-2e88-5a8b-afb4-e0137ec38c2b	9565	201557	0.047	12.858	179007
3e8db7d6-eb33-5566-a1aa-3253982af17d	3971	109545	0.036	12.809	97109
9df83282-5304-55a8-8607-93bb6b79481f	2905	101211	0.029	15.394	95327
6656adad-6b34-59fe-8402-c59aab7819fb	13259	224110	0.059	10.119	173088
b4cdfb04-5383-5a92-bb20-3a5b75530bbb	5806	100990	0.057	14.044	92684
5b4212dd-ce0d-5176-959d-0c072e1e0f21	5415	139928	0.039	13.687	126895
33deca2c-0be6-5b8c-9544-3ec3edfadfb6	4781	103359	0.046	14.527	95674
40f2e2b9-57ca-5e24-bb42-39156eae0106	4511	139653	0.032	11.449	116963
432d42c1-46aa-5557-94c6-40b222b86652	7121	136317	0.052	12.693	120346
3cd69835-eaa4-500f-bbf4-53144166267e	7288	149415	0.049	15.416	140697
da082c58-0965-5a14-be42-79e7cf8915f1	7149	174915	0.041	14.201	161082
947af7ea-c8fc-5aaa-926d-202598ad4434	6941	162951	0.043	12.814	144270
06bb5a78-4ece-58af-b179-2834d80ad1a4	2535	113928	0.022	12.527	99988
ce9e442a-0516-537b-8db3-36074e49749c	4344	118231	0.037	14.119	108706
0e30c525-90d6-5df7-8477-b2dd4eada5a7	6977	142573	0.049	15.319	134169
3b4b8eec-eb03-5f0f-a16e-3a7ffef676dd	4430	108078	0.041	14.917	100976
ea81579b-8350-5503-a5f0-180813e21042	3995	110453	0.036	14.043	101299
c063a123-2fa8-50d6-8d7a-7764f37ecd89	4285	110258	0.039	12.672	97427
ba502e80-a8c3-5271-8288-894ae11d3646	6874	150265	0.046	14.922	140324
93d4745a-03d3-5d35-9c2b-59ee0decb306	5647	123306	0.046	11.548	103680
5df3dc49-41d4-5cea-a1ba-4af4b6ab112f	4236	127259	0.033	13.010	113591
d32e4aa1-8b1e-5637-871f-1c498e1eba89	3781	114587	0.033	13.523	103863
90db6df0-0b8d-5f7a-b114-83edd7780b04	7590	176057	0.043	13.995	161540
248b2e7b-1f08-57cb-a893-8b05033a2b22	3437	109970	0.031	13.777	100292
a83fc2e6-582e-566a-a3f0-204bd56fa8cc	2795	102291	0.027	15.952	97123
5a0fed2f-ca8d-5d71-91ea-c3e06fe4560d	4224	107159	0.039	13.570	96847
d03e4ec1-e834-5f20-b555-2efede212433	3121	119837	0.026	15.003	112240
39abaf72-aa30-5f0a-a44c-58cdd150d042	6393	115207	0.055	13.564	104336
0f926864-2503-5234-a393-0476d829234a	3624	106231	0.034	12.730	93768
c68d5633-3b94-5145-a1cf-48047540e212	3250	110601	0.029	12.022	94647
81744ec4-45c9-5226-b599-889aebd22742	6580	114414	0.058	14.834	106815
61a123e6-2cf4-5577-88af-54357c0580af	3060	167872	0.018	12.971	149490
b9d1e098-a92a-5a0f-bd88-47328b10d5b7	6546	195739	0.033	13.290	175593
801c477b-6a23-5369-aa7b-95756af1865e	5127	113453	0.045	13.845	103487
24e575ec-51ea-566a-be40-32e2f5d100fc	7594	176400	0.043	12.639	155279
695f877c-b7cf-5ec9-bfe4-514d934fd614	2164	108858	0.020	11.858	92761
313a7d9d-24be-51d6-bc0c-248ccad1261f	3771	108082	0.035	16.093	102754
e83c7ecf-3040-5c3c-a63f-232f8b5131d1	6760	150644	0.045	12.869	132550
0f3fe004-48a5-5df3-93a1-56ece3998f45	7123	135747	0.052	15.226	127551
49a400ce-4508-5459-ba22-f7b946a26603	8294	187716	0.044	17.164	180804
a1f885fd-17ae-5ca4-891e-6e3854c57ee6	8051	130200	0.062	13.994	118932
2c0a5736-96c7-57b1-8a74-98374d7f7f22	7878	184040	0.043	13.116	164109
ae5045c6-3af7-5e8b-b3cc-61b7ed58e4c7	5480	193347	0.028	15.228	181725
cced8901-2695-5b40-8af5-fe34f4d8e2d2	7084	203506	0.035	17.104	195731
57169fb9-7e3d-5e78-b476-b770a5b7af35	4094	132032	0.031	14.845	122687
e10b7c34-2064-5edb-bc28-758705d5926d	5364	145816	0.037	14.059	133526
063bb5ee-a629-524f-8629-73ac4452d33e	4136	140571	0.029	12.032	120628
3ee91326-f233-560d-a6e8-012a6bca3257	3920	115945	0.034	13.906	106077
3a8f432e-9d05-55a0-b2ad-e76defc250c0	6003	159017	0.038	13.562	144110
3b6a6fe7-f2be-5698-a4bc-c86f858f7040	6245	144423	0.043	15.975	137098
8ca99f47-6caf-509f-ac7b-a3da7e531443	4466	110451	0.040	14.096	101471
991f7999-8945-5ec1-aaf8-4c7100a73ae0	3908	102511	0.038	15.586	96814
e55004ce-1ab8-5833-bf3f-fb26941eb3d5	9977	191778	0.052	15.620	181035
7711810f-c40f-527d-9ab0-4a54992fc70b	4128	139862	0.030	12.319	121156
7af06183-c21b-5001-b3c9-a4460cfebfe5	5352	106311	0.050	14.980	99299
f4e51186-550a-5f80-ad9a-efa8297f2796	4205	142048	0.030	14.442	131558
a62cb20e-cd8a-5837-aa63-98df0f862843	5552	120978	0.046	15.660	114421
9830fe5a-b43d-53a9-9079-7a39df57578d	4657	123692	0.038	15.399	116609
686682a0-1cac-54d7-81e8-34186eefc6e5	6856	129107	0.053	14.940	120457
c0624808-5b20-58e6-bf89-f7e3241e96ad	4294	117678	0.036	12.466	102490
7ccda7d5-365d-5406-85fa-32edfdc2ef7b	15495	349605	0.044	13.941	319194
5ef136f0-e8ee-53ee-81fd-953f2510e044	3217	126696	0.025	12.026	108235
5ebfdfd9-9e6a-5ba4-8c8c-fcc38d514f14	7314	152547	0.048	12.436	132927
99029c0f-e7f9-51f0-aaf8-b67f1800379b	6279	132379	0.047	13.288	118741
0cd86ee5-baa9-5e60-8356-aaf1c7f79ab9	3737	103098	0.036	12.742	91150
e5d5b689-2cab-53f9-b734-30a5b82d5e20	2108	101525	0.021	11.170	83946
4921e9d8-478b-5d25-89ba-0fb627a709c7	4974	117697	0.042	12.674	103247
65b652bf-09f5-5d12-84d7-18bcec957c28	8242	139044	0.059	13.814	126785
548938cf-63be-5b68-9014-d3efb6d12fe5	6224	126168	0.049	15.434	118711
a5458840-ec07-54d8-bf09-e800aa1fe8a5	4752	112820	0.042	14.897	105205
9330fff5-6230-588f-876c-bc54dfff19ec	9248	145728	0.063	15.512	137568
798827c1-d0a6-5610-abe2-ac03943e34cb	5599	115909	0.048	14.613	107369
a25a4ca5-ca3b-567d-8a29-708575ef4383	3617	121217	0.030	15.580	114676
c3e298c2-4f1e-5081-a406-9171e1a32372	5517	119155	0.046	16.252	113439
5eb44430-ca28-5480-981d-f32a434ae9a0	7600	215996	0.035	12.319	186457
afcc2d0c-0435-560b-a6ef-9980fb680b0a	6789	151181	0.045	14.838	141121
b544e0a5-24a4-5ea4-b695-5ce6eaced2b2	4594	131400	0.035	12.484	114274
3f487a26-322f-5d02-8fc8-eea7c4115b58	4967	111730	0.044	13.824	102036
2b471984-151f-563e-882f-720f9262b6e5	4568	115962	0.039	14.655	107699
61796732-0224-57d5-87bc-8af01c48d8eb	9523	164373	0.058	14.397	151811
733dafc7-8b69-519f-9888-2cf1d4f0d1cd	3169	106786	0.030	13.850	97779
66170c6e-2477-5757-a461-e8908cebc788	5545	153448	0.036	10.188	118355
8b7dda34-4c37-53c4-8cb5-3e1ba420b6dd	4299	125331	0.034	15.214	117578
2fe53fd3-1205-52c9-a291-76f022d5d13f	8927	212432	0.042	13.511	192500
1879455b-18cf-598e-b1be-326c4548ab5b	4074	107152	0.038	13.109	95830
599f22d7-b44a-5314-9b44-a0854a2c6693	7986	142930	0.056	13.568	129612
8381245e-1f61-570d-8b47-6780eb7193d1	6627	139903	0.047	13.264	125618
29562eac-6a11-549e-9ffb-337b398f1e50	5296	128028	0.041	13.860	116993
e6c37ed4-ad0e-5b31-b71e-ceba94856da2	4515	101871	0.044	15.026	95449
ba91e068-931a-5e33-80ae-d3f974b16322	9085	236797	0.038	12.033	203402
80ff6a2b-85e4-5ada-8a47-b07970b9fce7	4888	103257	0.047	13.629	93492
cfe7fe33-ab40-571d-9b6e-7a60f3ae9720	3396	112204	0.030	14.552	104122
7e34d5bd-6107-5a3a-8461-6f61ec5a0ea2	4500	140775	0.032	11.323	116552
0a89a118-4514-5a1e-bbee-31811af704b0	3589	116081	0.031	14.318	107316
bc50aaab-492c-5bcf-a168-13ccdcafc1ff	3446	112346	0.031	12.019	95853
da8c1daf-fd72-5196-9708-0d25132a58a9	5276	110503	0.048	13.464	99471
843acff0-da8b-540e-af28-3811774eb744	4637	110187	0.042	16.092	104965
f7e0664f-389c-51e0-9a7d-6f3aa06ca083	4501	104585	0.043	14.716	97244
3c2de176-67fe-545d-a49f-9e523fe609e8	4176	119919	0.035	16.145	114240
944ff847-39b9-52cd-a808-4fc7cc9c5b0e	4134	103288	0.040	14.174	94809
0c530c40-2c3e-539e-a0b7-a864c3ed07a0	4316	110664	0.039	16.206	105548
42e8dd63-5661-5d3d-8bcb-5fa5128b1845	4253	137901	0.031	14.305	127203
e2005058-bae8-52b0-a261-38e2b5bb8536	5004	105354	0.047	11.712	89614
884d94a2-0deb-5ad2-b586-6d6219ad6e36	3496	121527	0.029	14.385	112328
41d1676b-f853-5d5b-8cff-0e464f2210f3	5277	186627	0.028	12.376	162211
b6086cf5-7a7a-5912-a3f7-ceadfd3ae550	4484	107268	0.042	12.999	95900
77b7af98-b449-531d-b50e-6bf17f1ebc40	3660	121930	0.030	15.076	114210
84fa8f6f-16c4-585c-a7b8-4c4e0ac1bbf5	6005	207696	0.029	14.243	190694
f0a55fa0-32f1-5155-be8e-840fa96e4058	5221	156089	0.033	14.710	145180
eb87d82f-1437-581b-87c6-d276bef55a9d	5266	128425	0.041	12.746	113483
5159eff0-9627-5989-8c75-9b2e3e52b026	5771	112613	0.051	12.937	100263
4792db58-1584-56d0-90a0-80dd622db4e9	3863	114062	0.034	11.990	97927
d006d460-8e1e-5504-b6dc-cc77797a1a74	6195	125351	0.049	14.394	115701
daa623c5-5519-5b78-b8b5-24dcacdd2ac9	6235	103628	0.060	15.005	97006
b5627802-d84d-5bc0-9e9b-c27a814738aa	4903	103184	0.048	13.859	94023
5c346a59-9397-51fe-8834-679aa905f44f	3590	146999	0.024	13.581	133431
87364d41-0bd5-5ee3-9b27-892994f4c98e	5663	107193	0.053	11.584	90371
fa90d9fb-811a-5de7-8241-5782effec15d	6165	102094	0.060	12.054	88039
0205dbd2-b1ed-5bac-9b24-2b785245e98d	8085	140493	0.058	12.109	120933
408c1e3c-9a4f-56ee-9475-6987203a3db6	3784	100410	0.038	10.733	80647
8b15881e-7103-58d1-840e-60e35c807808	2943	142013	0.021	14.514	131702
93b1d393-b31f-5460-b7b9-dc8bda202a33	3856	155067	0.025	13.306	139423
4f199798-9ebd-516b-81d5-d599b0d4f12a	6155	101481	0.061	14.134	93164
e4097a46-12c8-547c-a776-662ddfdc8057	4694	117550	0.040	13.650	106942
e74a6f72-f387-5a84-b4c1-94718ff14228	4825	112874	0.043	14.562	104821
d71141b8-90d7-5a3b-9750-587bf4950fe1	5363	126455	0.042	13.835	115659
d055002b-77aa-551b-a025-a2df6d1afa60	10113	242278	0.042	14.582	224912
6a1013e2-c1e2-55ba-a8c3-77f47f6ed487	5126	121738	0.042	13.196	108775
a567e367-d23b-408e-b2d7-cfae9b427b2f	4487	104948	0.043	13.477	94942
1d3ba8f8-5c47-5dcf-9611-8bba77091d9e	6672	175226	0.038	17.559	169342
70404ce5-d1f7-555a-89ae-f8f12e165bfd	5553	123703	0.045	14.220	114078
61720176-402e-5745-953b-67685e7e4c49	2687	125239	0.021	15.469	117899
3bf224fa-0b0e-5a56-83e8-9fe9701452f2	6111	157433	0.039	13.967	143981
623bba5e-c0e6-5467-a000-651a446dfe18	4782	113721	0.042	14.230	104717
ae2a262c-266a-58fc-abe7-383f19fc0cb5	4285	113130	0.038	15.374	106376
31268fae-e5ab-54c4-aa41-d7d3e9cda837	4397	122856	0.036	15.764	116551
b6a58a0c-4bbb-5a40-b519-8835bbd54c16	10439	231921	0.045	13.400	208307
604f268b-638f-5ab3-a4e3-dfd9ce7b69c7	4923	105108	0.047	13.530	95271
11d37a00-7240-5639-8179-f48e4ba22b0b	11018	212774	0.052	14.937	198986
eccb10a9-6139-55d2-b5a1-27d6ef00e060	5104	115699	0.044	16.238	110264
577e7076-0815-51cf-b161-133e7cebf074	4800	102581	0.047	16.154	97609
1a2501f2-e73d-53e3-a63a-324bc18ce062	2631	114255	0.023	15.699	107929
ebfb6058-9ab5-5845-bd87-456211c7203e	2784	116838	0.024	16.283	111430
0eabd2d8-5fbb-596a-9fb2-016c635583f9	3324	106654	0.031	13.711	96036
2fd3a1d9-7cb8-599b-9878-1b501fea50f3	6691	134483	0.050	13.779	122459
5399f7dd-7662-5424-b34c-b0bd3eb63ead	3524	100786	0.035	13.183	90174
fb8f6297-1973-5acc-804a-6ac421e6c60e	3570	109548	0.033	15.679	103636
dcaa99d6-8895-560b-9b89-d6efb81fa236	4717	105016	0.045	13.388	94767
b9325ab1-4861-5ead-8a22-366cd7136672	12668	301043	0.042	14.133	275751
4e32fd14-ec9f-5d3f-8eb7-a2eae15e4a6f	8202	186141	0.044	10.368	145162
a6661800-6557-52ba-a732-b624f74c59dd	4383	156008	0.028	10.475	123626
9b8a5176-fe3a-583b-88f0-57f6b0ce7407	5042	123266	0.041	10.283	96379
afde4910-dfd7-59ba-a5f8-c8979378222e	4318	114927	0.038	13.469	104249
53689471-50b7-59e1-a182-249d0297a656	6594	122635	0.054	12.738	108555
a383a8f3-857f-556c-9f78-01f40f94a787	8950	192900	0.046	16.475	184158
a0b582a2-26fe-55ce-8aab-f518e0066953	3989	122168	0.033	14.859	113664
8f7d7039-8e71-5d62-b4fd-98f3d01ee95e	4202	100341	0.042	14.384	92599
fd92cb64-1df9-5ed6-be07-fc38fd5dadb5	2529	102118	0.025	13.316	91955
35a3d695-aae5-5057-b90f-c2a3716c49e9	6332	124676	0.051	12.315	108662
643ea540-f51d-51a6-b24f-d74c9f543dce	3820	126518	0.030	14.545	117166
27cdfb78-0f8e-5e18-9263-b528d5e62964	4758	129005	0.037	13.900	117373
c77f68bb-04a4-5a94-a43d-3b447daac2cd	8153	205570	0.040	14.227	189290
0779e6b4-74c3-58da-a643-2c2a33a582da	3131	117732	0.027	13.426	106181
a263a307-6560-5445-bee0-421f5fb49c79	3828	116354	0.033	14.637	107979
42967c32-57bd-5803-9859-dbc647bd2020	4631	121109	0.038	9.981	92111
91fe4a3a-9805-5ad8-ae83-323efd1338cc	10412	275602	0.038	13.460	249195
f61baf8c-aab6-5da0-9f52-312c03911018	6410	106323	0.060	14.993	99453
3222dd6f-a862-54cf-85d8-2bc68df826a2	6343	110940	0.057	13.215	99329
bfc20fda-6ec2-59cd-8550-c52581fbba0f	4539	126671	0.036	13.929	115423
fd0e5485-aefb-5947-a7d2-32698ed1e4d6	5685	122068	0.047	16.129	116353
1b8ab0de-a4d7-5e56-8c60-86b812d7312a	5955	114581	0.052	14.970	106236
371ab34a-2028-5dc8-9ca4-f06299ecede2	6829	129058	0.053	13.118	115232
f99cd147-a015-5079-a6cd-9e85ab68bb70	3871	106595	0.036	13.399	95218
1b47d1ff-616c-56c2-a21b-74c2ce0af855	4059	148128	0.027	12.835	131137
0a50bf41-800e-5e88-9bf4-9b0c5eb57f64	3987	136537	0.029	13.906	124526
20e6b316-734c-56f0-ae58-9f08de0b989d	8224	164152	0.050	13.197	146958
ca078f6d-297c-52c2-b4bb-43cfcbbcf880	1950	110519	0.018	12.713	97529
d23431ac-e47a-5c9e-b8cf-f7190d047e11	7174	158370	0.045	14.849	147606
4999cb66-6ab2-5526-93d5-55d1073babfe	1892	104546	0.018	11.440	87714
9b77be49-e2a2-5b31-aade-ceced11d0db0	8201	205835	0.040	13.692	186559
47d1ec2e-5c3c-583c-91ce-19379751d605	6249	115663	0.054	14.118	106113
41689415-3cb1-5c6e-ba68-e3bfbf6f2b87	5532	106525	0.052	14.111	97961
5d826dda-6c2a-5722-8d2d-b53195373b15	6530	103415	0.063	14.067	95147
7e18cbf3-93ad-54e6-b4a8-2b8678586fa0	7733	173506	0.045	13.319	156352
029fdbf0-2080-567b-b700-338eb2a3313f	4720	100758	0.047	14.649	93524
16da456e-f428-5335-a30c-28d864dc26bc	4479	138199	0.032	12.203	119710
134f98bb-a9c1-5133-966f-d6831a6f0992	6870	127023	0.054	12.893	112516
df20b7fa-6fac-5cb6-8ee2-9109eac42eed	8987	154075	0.058	12.966	137201
e8bb2ba6-c02e-5097-9894-b18ffb6949e3	4922	136585	0.036	12.309	119098
edb379d4-fa8d-56f7-a73c-76f865277607	4121	142821	0.029	15.905	135561
9e1ca076-4715-5439-9b9b-927ae8c8f0f2	3376	121551	0.028	13.772	110601
d6bcf674-0e61-5af7-8587-028897bef7a3	7481	175661	0.043	12.139	152316
26865a96-c5c2-5789-83bb-fcce24eacc08	5607	152098	0.037	13.256	136709
0f4325f3-8134-5cf5-97ce-dff4afa419f7	4254	101264	0.042	9.991	77227
e77d411b-0ca7-52d5-8019-bba51603a29e	9248	220801	0.042	10.778	178319
63c29989-e311-508c-b743-751c73c70403	3886	125724	0.031	13.520	114175
e129bb58-5f8d-59b7-aa71-97016e840bcd	6928	169637	0.041	12.689	149425
26b5f9e0-5f85-4efb-bd08-71cacf39ba04	3131	109062	0.029	10.500	86278
43207413-ffbd-5ea7-979d-ff4986aa3046	5591	105990	0.053	12.625	93065
80b28b00-e85b-5845-ae30-578304193ab5	9212	208310	0.044	13.579	188916
d2705023-cc4e-5880-ae0e-6a1221eada7a	5222	104820	0.050	12.838	93028
b6d6139c-c10f-5240-a344-638c39eb52f3	5310	102663	0.052	13.881	94054
53ba82b6-d91b-56ae-aef8-5802b67c1134	7552	166927	0.045	12.969	148485
bfbde22a-81f2-5bfe-ba32-905a1bbf7f00	2183	103870	0.021	12.958	92740
54f6db84-b258-5807-8f46-67c48bb2f5a8	5176	126167	0.041	14.011	115686
0b27d074-746c-5d59-8026-8cc7d323d43f	4861	100058	0.049	12.817	88427
db1b08f8-04fc-53dc-adf9-7c53dd232bf0	5403	152568	0.035	14.449	141067
7f151694-f783-5f4f-889f-eda5ba3ea450	3766	140380	0.027	14.721	130539
ea4485c7-9ade-5450-8ce2-4670fddc6505	7043	107120	0.066	15.382	100878
cb5e59a0-9ee0-537b-88ee-eea113edca63	5067	129701	0.039	14.052	119054
3dd4dbbe-7c27-58fc-96d9-6f1ecf571829	3542	107724	0.033	13.452	97266
4a973556-440c-5fd0-9be2-61e9e9e756cd	5789	104957	0.055	13.229	94247
0fe28f34-74c7-59bb-b78d-62fbda58250a	5138	121609	0.042	13.170	108604
f37e9008-3dff-550e-9bfd-3f1b949e9ca1	4022	104771	0.038	15.031	97998
5edc50a3-b51c-57b2-b0e3-da9aee165c8f	3009	103377	0.029	13.642	93723
17cb135d-7e90-562d-8f66-e775f4cf61d5	5179	121078	0.043	17.153	116615
c7ebf0e3-deed-5c4b-9b27-ec9770ee214c	4841	101685	0.048	15.241	95534
f795b7bc-7392-5dd1-a190-79b7e145ffa5	3242	105460	0.031	13.526	95606
bd9a2c7a-5a80-5cd8-81ef-9c0235217d2b	4498	119148	0.038	14.020	109246
87129978-81d6-5e4b-970b-1216c1c85d37	5979	103091	0.058	14.160	94815
cd36dbd9-933e-5bc4-b2ac-17311cc95240	2416	101442	0.024	13.303	91031
77d87043-222a-595d-8640-21b3eb819cf6	6140	105576	0.058	13.347	95162
1367d0c6-fac4-59b6-8dae-dda96edbca0a	3038	100782	0.030	13.672	91664
7c2e75bb-26d3-5985-82b3-35dd40e48b33	2659	100275	0.027	11.474	83865
aeb08c5d-7e2d-5b6f-b855-fe25b06dc03d	5687	117982	0.048	13.738	107310
d07e7c7f-8e74-5014-965f-930657182fc6	2748	123879	0.022	12.822	109451
bfe4afeb-ee79-5e78-a8f1-36be0630fe95	5544	165693	0.033	11.388	138145
82893be2-0e28-50f4-8ec2-01a1d8017eab	6748	177941	0.038	14.446	164336
a8ae75a2-e6c3-599d-9e4b-08b83f23a332	2693	107820	0.025	12.622	94860
28fca907-3e97-5052-9765-bd8cd20f1f25	6819	170980	0.040	14.664	158899
ca92703a-bdc0-59a9-8f69-aed9d391aad3	3231	106342	0.030	13.858	96992
d18c01f9-35b3-500f-a660-fece8423167f	3353	119084	0.028	13.198	106659
2e791761-95a5-54cb-9096-cb28f71e89a5	6505	152606	0.043	14.560	141449
3431807f-d71c-5450-89bb-8b7d7c8f8e8d	2818	108951	0.026	13.287	98086
76c83c91-3c4a-550d-9076-08444b476abf	3099	114266	0.027	14.240	105179
c957539c-2f56-5c70-bd32-2f7cf0f9f305	3956	113932	0.035	12.625	100242
02d19a8c-2516-5fd1-b8fb-93c28d246ae6	5246	110376	0.048	14.803	102995
5cc46703-5ef4-55ee-87a8-5c1f039d91ee	5401	106520	0.051	14.175	98111
4bf04fa2-1717-497d-9a5e-eb5ca6a92ab4	4003	130756	0.031	12.123	112685
8428203e-4648-5520-844d-6bd0caf23675	5013	111701	0.045	13.017	99528
8be84ebb-1a2e-48d5-9c9a-a768650262a4	3225	106950	0.030	12.059	92193
dfc7626f-4438-5d49-a6f3-e07350c60eda	1946	105231	0.018	14.727	97858
b04655b4-6a14-5b9b-8b5d-5a9d81349b4e	5186	141206	0.037	10.720	112580
42073d01-5d0e-55ce-9eed-d1ddd0435743	4937	123268	0.040	14.318	113859
ae856833-33aa-5805-95ba-eb33044582d3	6538	128578	0.051	11.652	108817
b12e5cb0-d2a3-5ace-88ab-11c070573fa7	3607	104936	0.034	15.027	98181
9477fa24-ec92-5881-a9a5-97499e42285a	3854	102663	0.038	13.401	92323
7470d7fb-d2da-5241-a726-fede975b7a27	3117	116449	0.027	14.388	107364
2593f70a-87ce-559c-98e1-291a73eaa674	3306	122621	0.027	14.396	112940
53906bbf-3435-5f4d-8401-3aaaf4d6e70e	3661	124320	0.029	14.666	115665
620d6f31-f57f-56d3-b609-9b1cfdd81dd7	4089	105775	0.039	15.158	99336
519350cc-c8d9-5a08-b489-b1d3979db65f	4442	101811	0.044	15.878	96516
51c3436d-eca3-5949-bd18-5a0a6f7e37a6	7684	108091	0.071	14.733	100859
5a9c4cf0-0bed-5045-a8ea-85402973c271	3087	101657	0.030	13.635	91879
eea02ae4-94a4-557b-8f69-156ac0ffecaa	7980	170817	0.047	14.086	156533
9ddcf173-b0e2-5589-803f-022aa8e88e36	4882	109403	0.045	10.972	89082
694514a6-ad21-5790-ac6f-9426de7fc899	5720	123393	0.046	14.390	114081
c0057957-86fb-55ee-9903-cd038d9ed2a2	6659	110252	0.060	11.827	94243
82488507-d174-563e-a263-8d10bb982abd	4944	101525	0.049	14.197	93614
2c3db58c-ac89-59bf-ad3f-7a0489d8927e	6316	108354	0.058	15.064	101484
2cf19c3f-4c12-56e8-b86a-9a4c662a2b41	5499	171867	0.032	16.271	163650
e400168c-862f-566f-9113-633565a9b1a1	9560	254631	0.038	15.724	241082
6b1f9c0f-d373-5339-ae7f-9bd10e43e762	6108	131546	0.046	14.033	120903
040c4c78-82d8-58cd-8a57-1e4e3e332459	7360	138310	0.053	14.034	126644
6f141066-81a6-5555-8808-df9b38fd54d0	3504	101858	0.034	15.587	96278
a7414631-a651-5be8-8258-d1a00be9c1c7	5278	138931	0.038	13.836	127032
c8d0f748-c242-5715-8edb-c0939bf0e51b	8711	164927	0.053	13.832	149997
ae25d822-865f-5bf0-a7c4-c162e1ec5645	6805	127518	0.053	16.091	121757
474ba357-6c76-5e29-9fcc-2371c28b8da9	6167	171352	0.036	13.754	155749
fdf4f7b5-86d7-5745-af91-3781cd5f6317	3772	113632	0.033	13.247	101945
069ff8e0-0d2a-45ae-9524-6af596f32485	2852	103412	0.028	13.516	93676
8dc04743-73cb-59fb-a76e-67e14dfd16dd	5412	118480	0.046	14.959	110910
e998fed1-4bb6-5001-bf11-bc2e57fdbff1	10155	216639	0.047	13.478	195740
3dfeb4cc-3d66-5dc0-bae6-e904c1a49a5a	9049	290748	0.031	14.360	268841
62b85e37-a610-5350-abf4-87723c8b069e	6640	167007	0.040	13.240	149746
3d04e0f6-58f0-5026-816f-3ce8ea41c488	6327	161789	0.039	14.797	150760
7c52f7f2-76be-5921-8246-1d5952cdc2a6	7515	176272	0.043	14.718	163795
80fe22b8-3934-5751-ac7b-4157afe35904	4460	105487	0.042	15.320	99337
1b9034fc-204f-5ac8-8003-a57c67b46da8	9878	226033	0.044	12.677	198946
5d3ea411-faf6-5ec7-870d-309436c1b977	6819	135485	0.050	15.879	128556
09609fa4-724e-5d9e-a781-398f1f074baf	8370	130933	0.064	15.551	123620
0db080ae-6478-5270-b0e8-76caacea6747	4861	102107	0.048	12.379	89095
58be261c-0229-5ae3-b0ba-127863f45fc5	4776	113456	0.042	15.049	106396
4ddaf590-2a5b-5877-ac41-7df1ba93c424	4016	115712	0.035	12.080	100119
3dc193ac-0748-509b-a82e-7e7c0ad11623	7230	112623	0.064	11.272	92635
087a36ff-1db4-5afc-905b-d0d155b59e50	5448	149682	0.036	12.446	130711
ece1ac2f-760d-5f3d-a92c-ea2d2ae37d9e	5904	146299	0.040	12.410	127326
e0defa98-2851-56ec-b194-dccaf7feab20	3579	123722	0.029	13.431	111500
682cba5d-3821-542e-995c-3f0c2e805cb6	5585	144510	0.039	15.171	135484
ed30a080-831b-59ce-a6a5-cc7ae74b51af	6138	112538	0.055	14.328	103860
97ce338c-6331-58db-9ff9-8dae8c9cf661	5920	127338	0.046	13.947	115791
8593d66f-84cc-574e-a85c-75861408130c	6584	158897	0.041	14.929	148294
89e5a443-0184-5600-8094-7c136f80d038	4227	100071	0.042	11.334	83397
bdf3f9f5-1f0a-5c1c-9a47-15c38fa46c90	3915	103425	0.038	14.026	94808
616aa292-1b75-58f1-a57f-bfff261118c1	5027	107846	0.047	14.544	99855
c4f37743-c95a-5250-8342-2869ddd59c86	6753	170508	0.040	14.425	157635
10de432c-3ece-5cfc-8a0e-b2cbc32f2a02	7234	100448	0.072	15.658	95100
5e1be27b-5bfd-5b75-8b3a-ab135449ee38	3817	139616	0.027	13.397	125654
19768fa2-f98b-5f34-92fe-997cb82c437a	5585	218398	0.026	13.375	197206
87abc883-009b-5b25-8241-3a69aa4b3b91	3072	110230	0.028	13.048	98545
c1ad4c76-06bd-5764-9846-c3afd84e074a	8852	164611	0.054	14.216	151658
1a2aac28-a62d-52d1-9a9f-ad7484a612ad	5660	102217	0.055	12.250	88744
ed614bef-5c25-5633-9b2b-5d2ca12e1867	2485	103739	0.024	13.976	94886
5f70c9e1-af17-59d4-be6f-d4f848593e87	8095	157804	0.051	13.558	142329
efe5fff3-ddfe-56d0-a76e-701b369aa260	6920	161716	0.043	13.935	148314
50e1762a-e156-549f-944e-b24f845a44fe	3436	102013	0.034	15.635	96314
ecd5c8f8-9692-5820-8702-fa245912609d	5436	127996	0.042	15.182	120135
2ac742ae-220e-5a15-8731-c3341bab4f97	6179	135610	0.046	12.907	120386
64b0b466-4b74-53d4-8544-289f7698fe03	3618	115913	0.031	14.076	106179
d5d1f10d-9fa4-5d0c-bbc2-6baa811363b2	10261	238831	0.043	13.746	217327
5fd04515-658f-5332-b790-a5d5dbbcd944	9646	208199	0.046	10.111	160221
715d843f-d41f-5ad4-b26a-03298ee6e198	11714	273945	0.043	13.592	248075
4af8837d-dae2-5860-968e-912ceeaa2d3e	3872	121617	0.032	14.815	113285
8a471447-d6f6-5b04-93d2-0f8bf9bde197	7534	108048	0.070	11.597	90781
cb85548b-05b6-59ec-b332-3d8ea8b23731	3603	112841	0.032	15.352	106383
7511f71e-1966-5684-abc1-32560b404e0d	3736	104967	0.036	12.023	89931
fe7e0b57-590b-5658-98ab-693192b9e4e0	4717	140339	0.034	12.888	124366
987dba8f-4b5b-4214-9c07-9ee7dfcd8b14	6217	125914	0.049	12.044	108585
670c6e23-9b6d-582b-917e-64e24a1fffd6	5682	113933	0.050	11.203	93564
218df78e-a190-40a3-89ce-bc9fcd4eb1db	4391	103990	0.042	12.386	91177
51c94621-f2cd-563c-a625-1996b867a9dd	5422	161977	0.033	14.756	150755
f61d7fad-6cf9-504f-bd36-db44ae8f91e5	6943	161832	0.043	12.872	144133
291e1ddf-05a3-560d-99d1-95f91d7a8787	2086	107188	0.019	14.367	99157
1547ebc2-f27e-5a34-af3e-c2e8e4ab1496	5602	137959	0.041	11.645	115834
d4673e3f-9a46-5945-b5e8-754541570d77	4914	102968	0.048	13.062	91820
66983b1e-2cfc-5f02-8181-eefbcb7fda1f	7974	168361	0.047	14.363	155470
a88b00ae-cc53-5c93-9d05-4b4aece3f0e9	8244	140103	0.059	12.210	121399
e5f0d67e-d805-57dc-94bb-9dee9dfc3ea8	5698	126931	0.045	13.776	115379
50591f40-d703-57a4-a76d-671b0771ed8f	3411	123060	0.028	15.291	115875
c8795985-4bba-50c5-ae33-9da3bf058f70	3196	106588	0.030	9.850	79988
f4326370-52c3-5a01-8309-f663e8ca0b40	6694	166359	0.040	10.934	135234
82a9ffa5-aceb-5d0f-98cd-dfa2787a3cd1	7376	208091	0.035	13.674	188968
93730315-4a8d-5584-b123-4bda07050e4e	4885	115399	0.042	14.689	107671
24b9dcd7-4180-5e0f-b059-23302b508d25	6632	156138	0.042	15.562	147489
ee985395-36b9-5e91-a905-211da03f3d3f	7439	117829	0.063	12.522	103420
c962f277-e148-5561-a787-f8cf8d34f1c0	2447	126300	0.019	13.348	113944
3ce85e0f-b3eb-5ce4-9bcf-490d5f088cec	4201	131870	0.032	13.848	120273
0f779734-9962-5f8e-a3f0-6a2127330898	3326	105774	0.031	11.846	89843
5068e3e8-1e26-562e-81a4-d22eefc3375f	3910	109575	0.036	15.519	103143
2c192149-f937-5acc-984f-96eeb74b743a	3998	157999	0.025	14.454	146053
68a35fe5-ce9c-5e1f-a31b-7f15110a88cf	5026	134984	0.037	15.804	127973
9a81a7a2-890c-55fe-83d7-ec18f9362f56	6258	142808	0.044	12.260	123728
f5d88d71-6fda-53f4-9c60-65192475b0a2	6343	104859	0.060	12.689	92486
949a1956-71b6-5c3c-a79c-49cffd7d1291	5268	101487	0.052	14.193	93468
451acc17-8cd0-5e67-a807-5a45ad5e3df1	4664	123932	0.038	15.385	116700
1cfed400-f0e5-5191-aebd-a44739e1d7c7	11319	162418	0.070	14.136	149628
8a2653c7-6dec-50d7-b847-38ca643617f1	6651	178712	0.037	13.265	160480
62caa252-93c9-5695-8bca-d9854e798ad8	6081	139651	0.044	15.795	132268
26d2164b-fb08-4a0c-8a96-bf4ef6c5c76d	1494	105648	0.014	11.914	90208
709350e8-8be6-58ac-a4ad-893a83394d99	5165	113947	0.045	14.762	106053
573b1e3c-4c50-59c2-bb64-a1da7d409ee2	3262	130291	0.025	14.940	121659
d1a3b96c-e9a6-5d7d-a767-6934f66e4d4d	4818	100499	0.048	15.026	94154
a12797c2-b904-57d1-90ca-1903b372e3be	5031	147248	0.034	16.098	140076
8a3f0969-468e-5f93-ae52-3d703ebcb568	3016	110077	0.027	15.602	103956
a23f6b73-6672-53f6-a943-1a246ac71672	5681	131398	0.043	15.907	124543
85a89ca1-e4ce-5042-9a50-711216d66498	4118	100431	0.041	10.335	78805
631817e6-7d16-55e3-a761-f7fe6e15c689	3068	131206	0.023	11.344	109185
1988acb1-05dc-535b-b27b-e58b2e23c4c4	3904	101506	0.038	12.553	89058
355ba14f-4696-52ee-bf3c-10315d7d90cc	6004	131145	0.046	14.079	120477
fe7d655d-8b24-5470-ac66-a46b7504eecc	3668	136941	0.027	14.890	128043
9ae1a96d-98c2-5bcd-83da-e6755a7cbd2b	3562	107472	0.033	10.608	85173
78a2d5c8-081a-51c5-b651-b01836f9c05b	2992	100407	0.030	11.022	81532
0754314c-86f7-5b04-b28f-4d454c69ffb3	2773	109594	0.025	12.828	97129
203dfbf4-8f55-5f75-be9a-40dbb13a2265	4265	103806	0.041	13.751	94540
cebd24c5-7d09-5c82-9ae1-1a3dbbe66af0	6990	198254	0.035	12.045	170650
0c880449-c884-58f4-8fa5-a31bb7accbe5	6555	127037	0.052	14.650	117711
c54e537c-7443-532b-9abe-b4671865bffc	6699	143245	0.047	14.604	132689
735be4a7-908c-5b8d-8f3f-0ea52502eadc	4633	169762	0.027	11.234	139480
23331677-f9ac-5bb6-a2df-fc7a0c198346	5548	120526	0.046	16.290	115044
32ebaa08-f909-578a-89ae-cdb2f3f94cdf	6759	104918	0.064	13.511	95351
b9463fa1-be59-5a2b-ad62-8851b4d06d75	3388	119020	0.028	12.460	104384
4cd2f8fc-28b7-5a55-b63d-551016357682	16975	115806	0.147	11.537	98078
49aefaec-7df1-516a-a059-15791b6e9172	3796	106020	0.036	12.886	94105
e16f6037-4aae-516f-8596-bce0fbc597b5	4484	104091	0.043	16.242	99214
2529ead4-ae88-5155-939e-b40ab4ddea88	8798	231293	0.038	14.869	215943
38ed8ae8-3529-4dc5-9456-84002fdd756e	2119	101274	0.021	12.813	89652
6460f0b4-18c9-55b9-a9cd-eb1829c6bea0	3789	133238	0.028	11.093	108569
69a8f075-fe0a-510b-834a-a90ebf4eaaf1	6881	125513	0.055	13.611	114447
98bd80d8-a2b7-5c94-b5de-75541be081ef	3522	205183	0.017	13.269	184314
9b2399b3-b0a1-5084-b12c-dc49420a658a	2447	104957	0.023	14.126	96728
b8da6ba8-e4f9-5987-b191-c6802fbbce92	3874	103468	0.037	12.023	89038
6c79f3fc-d3dc-5cec-8f47-6b43d192fb98	4458	104162	0.043	13.960	95384
ebde2c66-f781-552c-bc5c-8bd0d9ce3923	4891	117137	0.042	10.565	91918
42b4ccd2-22e9-545b-992b-28c1db106277	4714	142602	0.033	11.282	118030
f0dfdbc3-51b9-50c3-8539-6862e53e1fc9	6094	194414	0.031	10.147	149643
01afe16c-b7ca-554e-8f30-7b5351461512	7131	197748	0.036	10.937	159426
a1fb6615-f32a-5fe8-b3ba-e42cef20cdc5	4516	115451	0.039	10.461	91338
fdbfb40d-8736-5fa6-a696-f8a04ea3ea99	8406	125237	0.067	12.841	111516
05b95647-4de5-59ce-89fd-e7ce6eb99be4	7937	213182	0.037	14.443	197238
bb5883fe-8348-5d5b-9666-e9ba8eee5c6a	6886	186210	0.037	15.391	175200
c6de005c-9e7e-5a55-a36c-e4b0b13657a9	16425	126660	0.130	14.286	116873
0d353e36-7fa4-55b7-ad0b-436913005550	6138	129115	0.048	13.930	117526
57bdc528-1673-521e-8f10-70864eea6d81	4400	110738	0.040	17.392	107039
a73a5cb0-26b9-5072-9820-ee08f5139cc0	5041	188447	0.027	12.878	167153
4f837d36-0f8c-5c1c-acd8-ab19c5e377d8	5519	109825	0.050	11.473	91573
4056c2d6-e37d-525a-888a-5db3136d1ec6	3753	138688	0.027	15.987	131700
5d71b33d-b39a-5d38-b5de-0f40995a7512	4360	126590	0.034	13.144	112324
0bf3995e-3d79-5dc5-bf4c-eb49a4215b2d	7509	113919	0.066	11.871	97084
b0849d90-5729-55fb-add0-b1736b27857f	5072	141197	0.036	15.569	133354
7de31eaf-c350-53fe-a2df-be434c2a38b9	5670	121966	0.046	15.129	114420
0bde5820-b9a1-52f2-856f-b1a7073f3c37	4971	163660	0.030	10.186	126513
7e378822-85ee-557c-b12c-c8eed8c97089	1110	107774	0.010	15.795	102016
d6ba7a80-d960-5b26-a327-6f97604c7aa4	7335	201173	0.036	14.622	186869
30f79d31-4480-5ad4-b1b3-2bea15716b32	3714	121087	0.031	15.613	114468
63401bdf-72a1-5341-b710-dd10b79153e0	5830	121913	0.048	14.023	111669
6006150f-3b21-520d-bb9c-48b624d39339	4709	140076	0.034	15.626	132206
b3a0bde7-5ce2-5b4f-8b3c-76c246859636	6054	140193	0.043	15.200	131426
7fdba1e5-5e6d-5545-a9a4-229b522f7afa	6241	143676	0.043	13.357	129293
728232ba-42f5-5e97-9b82-e88cf94d972d	8796	177451	0.050	10.088	134969
d1a379fe-a6d5-5010-933d-7aa95672f588	3473	121502	0.029	13.887	111289
e64f367b-ecbd-577e-acf9-1360123d0838	2413	108624	0.022	13.191	97636
757ef3dd-5799-55dd-8aea-e50d21d797ed	4651	156037	0.030	14.832	145687
1f776120-cd1f-5975-8bff-d7adfc23e8a3	6471	134310	0.048	15.723	127248
5b02cc32-d82d-509b-ba21-b1d1b8ad2cd5	5561	176642	0.031	14.887	164995
d8764c03-0c1f-5e6c-a976-6fef0adc9376	4603	102816	0.045	14.135	94395
04dae559-efbe-535e-947a-686c25c605b9	3822	100475	0.038	17.364	96802
08505b16-223e-50da-bbe0-c79d53057d36	3955	101330	0.039	14.608	94109
f5f63723-f05e-5590-9745-817c85e903fe	4563	115938	0.039	12.536	101427
9f8aef5f-3bb9-5111-825d-7b9d6168e2fc	5087	156995	0.032	12.045	134972
f38d2292-7d26-5558-95fe-5f684253b94b	7716	162478	0.047	14.371	150097
e2ea41ab-d0c1-5b30-ad56-3a698b26b2f2	5519	167689	0.033	11.285	139160
7464736a-2e82-5f11-81f7-340ce5de6655	4647	146197	0.032	10.287	113656
121940b5-4887-5b48-9a72-7f18e68b71c7	2155	129642	0.017	15.383	122054
e1ff2063-de79-5b07-9ac5-eb55c915c382	5038	129104	0.039	15.349	121611
460588bc-5477-538d-a1ff-3816b1564d09	3255	117506	0.028	14.785	109245
9602f028-20a2-5f73-b0c4-f762558f75a0	5354	109566	0.049	11.388	91198
91f25d39-1835-5036-bab2-40cdd9bae11a	5750	168701	0.034	14.888	157620
2d24250c-5998-5617-89d9-0740d8882eb2	4222	154011	0.027	16.067	146132
302c5f20-fd5e-5e43-992f-3f8a7b676518	6873	155695	0.044	16.912	149654
fc3c4a2b-015b-5018-b5c2-12bc286a135c	5904	166368	0.035	14.972	155462
2f1bd320-33cd-5429-bd12-5e330a261cb9	9079	181218	0.050	12.627	159320
c1b969cc-63f1-500d-8472-2d718dbdf5d1	5652	177432	0.032	12.179	152322
822258e7-18d2-5760-a5cc-956724efec13	4152	102085	0.041	12.179	88270
449a7638-71c9-5077-bcee-77aa12b8fd52	6426	145359	0.044	12.778	128458
374a6fb7-dcbb-54c6-bbf0-ecda056da213	3151	113281	0.028	11.607	95364
4ceb45f7-832f-5b6a-9b80-98047510af32	11240	262089	0.043	12.680	230976
8b7cce1b-bee7-59eb-b0c2-b37508d42038	4805	120758	0.040	15.316	113591
1928e3c1-100f-51ed-95c4-56fceefba762	4868	107023	0.045	12.044	92512
9d351125-e162-5fdf-aecb-7b54ff236a0b	1886	101865	0.019	13.343	91818
bd21f311-bf66-54f9-949c-30976ad3458a	9805	135416	0.072	13.914	122924
36293ff5-66ed-5e34-876e-2c668476f176	5718	105455	0.054	10.635	83907
9fc62d13-5f72-550d-8465-bdb49715e26e	2315	109205	0.021	12.194	93781
aa6fc923-d081-5f34-b65a-e6237394f5a7	3651	167020	0.022	14.681	155379
6145002d-56b6-5f2d-9ab7-d65df12e41c6	5114	137473	0.037	14.508	127342
954ddf8c-4dad-51ff-8b6f-42469a5341da	6297	189531	0.033	12.635	166696
c03e1588-8b78-5fb0-82bc-fda1f1087f47	3271	116253	0.028	11.484	96922
bba9a445-1243-55ae-a3ca-0c21abc2c4fc	4210	131241	0.032	11.250	108113
c9c0d23c-89d0-5902-96ea-663b1684c056	3325	102093	0.033	12.802	90574
01bbbab3-5746-55e5-bb1d-a8edf7b7b080	2956	110023	0.027	11.251	91123
c736f67b-11fc-5d55-a700-6a352446b034	3955	124477	0.032	12.401	108724
0ce66f78-014d-43e6-a55d-9cdf7838843a	7315	127942	0.057	11.608	107665
e7114e35-eba0-54b5-a568-1e593059464e	2805	107867	0.026	14.747	100521
46a6a75c-4285-5137-adb3-48e62d8ed705	5369	119729	0.045	14.296	110484
67fa2a01-fb8f-5d0a-a538-03d39685e94f	3567	132668	0.027	12.355	114824
50df26d2-2bd3-56a3-815e-7a02a48fe714	2991	126502	0.024	14.182	116413
5b6d7c38-9b25-53d8-b399-ac06ffd4b84d	8995	185776	0.048	14.837	173308
561e8368-3d2c-5437-8c6e-d84a8c9606e3	2377	104094	0.023	13.234	93319
25b5ec7b-38ab-46e8-89bd-60af9bd24012	3722	111900	0.033	16.161	106470
a12f761e-aee1-5ebf-b7f3-b0ac85002415	1408	103508	0.014	13.487	93741
3d764787-564b-52cf-878d-3d0b42312aa6	2580	108427	0.024	13.533	98131
32623b4d-74cc-5c10-91f3-00407e186fc3	3938	101866	0.039	15.132	95490
346e213e-3041-525e-a978-1dfcc8c43c9f	5357	130449	0.041	14.227	120292
1e6e2aeb-b8a2-5df2-ad43-474ef367db8e	6670	183466	0.036	13.070	164157
10357f2c-1d80-53a8-9aad-9859b1201d74	4615	106696	0.043	13.799	97446
28dcb063-8aa4-5935-97a3-7aa0fef90d0d	4898	117704	0.042	14.360	108869
ccf290cd-482a-5aa8-9379-07379b2aef82	4892	138904	0.035	13.768	126705
0679b27c-0f1a-5813-8b08-611fa76a269f	9285	184847	0.050	10.249	142473
ff675dee-1947-5a7f-b818-7a925a7dda17	9061	186865	0.048	13.670	170087
e2288300-cd1e-5e2e-b2a0-0a4f14bc03d8	2817	110604	0.025	14.169	101848
62ae0c1f-e7b6-5443-9fc5-a4fff6156121	2515	107703	0.023	14.639	100028
381fb8ad-c544-5be4-9618-264522adebb6	4796	143899	0.033	14.963	134183
b0db082d-3d9c-5cef-bddf-3414b35f0234	4855	148862	0.033	15.635	140680
e1e9368d-9d71-5cfa-b18e-05dc81e64a2f	3471	142749	0.024	15.183	134100
94804e11-7fbf-51a3-a716-9aedbde54f31	7574	166639	0.045	14.710	154949
126046a1-9d10-5c56-aa42-313715da85c4	10019	258333	0.039	14.173	237331
1e4f4d18-e2c6-506e-854c-e21fcf262e62	9528	219011	0.044	13.733	199177
5122841e-c22b-5232-adb3-feaa30b9e086	4591	100539	0.046	15.867	95320
fde73572-6d3b-5036-bbc5-9276322bf48f	3658	110218	0.033	14.559	102180
b29df3e2-0116-5874-831d-96196e72972f	5992	132714	0.045	15.274	124527
891a2dbe-9d43-5be4-a5b7-b3d3935b5c3e	5993	122972	0.049	14.875	114877
d79995c4-6781-5c44-8a6e-ab185975be32	3124	107317	0.029	15.503	101333
0ab49599-e801-5f3d-93e1-540ad23177c4	4046	130172	0.031	12.913	115380
dd8548b1-7c6c-507e-a42e-e81c4344a3d6	15808	192518	0.082	14.678	178745
c027de04-543a-5ce1-9f69-a37daef1f503	5849	117644	0.050	14.812	109506
37a4e58e-5cad-513c-8fca-13f93631e594	3256	120016	0.027	14.545	111494
6b6d0969-72bb-5d52-bf05-e7a8d5c3bcc5	7707	162320	0.047	10.332	126511
40345d01-2215-4ca4-8f06-96c75db2256e	4670	102893	0.045	12.663	90786
18f44efe-bffe-57da-813d-ee728e059d96	7312	153337	0.048	14.736	142935
a576fd39-66f9-5ad3-84cd-b57bc62bdf79	4751	124672	0.038	12.295	108566
9546a7c5-25ea-5fdb-b5f3-09ea4fe12abe	6469	188486	0.034	13.266	169577
0ec91604-57f6-5b32-bbf9-443e8b2b7303	9825	190034	0.052	13.847	173699
c1cda23b-387e-43e5-be6d-ff45250d5257	8699	108467	0.080	14.402	100318
2e85e856-f4e8-5048-8f95-2fb559fcc7d7	7127	161474	0.044	13.288	144660
e7518770-294d-5ba4-b1ab-a5fc33bd550d	7662	136184	0.056	13.160	121431
33925b51-f447-5073-bfe6-317386aa2f57	7101	145394	0.049	13.326	130988
47fc571c-62fb-5bdd-b78c-30460adca5d2	4865	114498	0.042	13.956	104981
afe77d9f-78e7-50fc-8715-f2c091ccc305	3496	124339	0.028	13.483	112598
a4672036-83b3-5ae7-8983-808f951460bf	4998	115949	0.043	13.841	105693
df1654ec-477a-52f7-8b53-d57217ad3ca4	6876	175211	0.039	11.808	149207
b107b83d-9979-5a91-8ba7-37ba4cc1e4d5	4246	102899	0.041	14.264	94901
a08f19f8-d0c4-5e3c-af2b-f013af43918b	2531	109592	0.023	14.043	100605
5d7a4167-a83d-5a13-a258-9564dec94022	5046	135737	0.037	13.461	122449
bd88361a-e61f-54a5-ac1c-6aa4773969d8	2594	107746	0.024	14.262	99465
1c451940-8861-5698-8cce-85d59fb094ac	5450	111198	0.049	14.349	102770
00cbffd9-2b94-5e22-92da-d04ac419ce11	2770	102787	0.027	13.822	93839
852709eb-006b-505a-880b-e559d58ffb24	4891	103135	0.047	14.582	95076
4418efb1-176b-59e3-8bcb-7755bf80a309	7400	147321	0.050	14.419	136045
a7d022ee-fd85-5721-8782-6ae2d5695525	3638	106380	0.034	13.688	96507
e0918d72-66b7-569e-baee-e293b4df705b	5125	133600	0.038	13.816	122050
032a472a-deab-5767-b836-0867af189450	4132	145086	0.028	12.540	127819
14ccbb49-1b0a-51d1-85c4-f5f3e3f0af1a	2543	108539	0.023	12.769	95809
ebdfe731-85d8-5b16-9ca7-acb4c7dc229d	9034	148296	0.061	9.859	111624
dc440320-8375-4926-aad6-fff2b3448469	3926	106772	0.037	14.496	98722
ec5c9e94-7503-4cab-87e7-f970b7a50cad	6709	109928	0.061	14.217	101390
ac8d58a6-dd66-5562-9e36-35a850c13516	4896	102070	0.048	12.397	89170
f4d238d2-2305-438a-98cb-290bbf0c17a0	4658	155077	0.030	12.040	133557
a38fb7ea-46b1-5744-97e7-6009c9f69faf	5987	150754	0.040	14.339	139339
23fa4be4-43a2-5066-8f10-3acd2d970122	6529	160707	0.041	15.370	151238
16fa708c-c6c3-5db6-abe9-7d9e95f4a626	3548	105848	0.034	12.915	94190
480bd3e6-9b6f-58a9-8614-19a1fdae0aae	7332	175735	0.042	13.559	159396
aca6c15c-a9bf-5567-8f94-2c41ba3dfb56	6679	149488	0.045	16.252	142510
b4d5a7af-0c35-5cb7-8852-5b3cf81a186f	8318	147579	0.056	12.965	131742
7f284366-5bd1-5579-a335-2acf136c5f53	4598	131080	0.035	12.239	112822
beeab7af-eac4-583e-b93a-1ce1073a9c6e	2775	112280	0.025	13.692	102052
cc49075d-0e92-50ef-9b86-02d88fd84b6f	4487	122744	0.037	13.600	111371
6b115640-9064-5ad6-8afd-58c863a02d78	9496	218385	0.043	14.655	203049
49d49a1d-b26f-54a6-b3ae-f559c558cbcb	4194	128997	0.033	13.560	116625
a8600729-fc68-5d68-9faf-f84dec983db6	5113	103355	0.049	14.998	96777
a41dbf1f-53b4-5f7a-ae1f-1c5548d8ae8f	3490	115856	0.030	16.605	110821
fbac74d2-3291-5646-8ef3-0db839484005	1479	130579	0.011	13.327	117421
fb3f17c2-3cd8-51f3-8835-2c0914822696	4431	103850	0.043	13.316	93131
871f1127-2c20-57a4-a624-76394dff9c6a	1505	100836	0.015	11.616	85554
dd8ff9fc-8b1e-5ae6-95ef-3376ea009566	5694	168148	0.034	16.210	160350
fcfed454-6831-5981-8a8d-d41fcffd6664	8217	227922	0.036	12.845	202212
17b1ced7-f8e5-5883-99fb-dedf7b577d04	4417	105936	0.042	15.198	99401
e30e0ff4-28fe-5101-a7bd-b9ab3307edb5	5418	113602	0.048	13.484	102740
cda15a96-1558-5fa7-932a-d24b06ff67bb	7035	131522	0.053	13.395	118117
bc74547c-9dec-599d-a8da-dca4921e5d21	4183	120773	0.035	13.795	110151
183e682d-0087-5c59-b6bc-70318261dbaf	4579	106729	0.043	14.499	98909
ab2419c0-d1a7-57a0-af25-810da0a9787f	3595	141684	0.025	13.298	126898
2027c198-b54c-5381-b944-8ca1ec90f146	6467	145549	0.044	15.702	137371
7b905c35-a977-5a32-b86f-20270d6dde60	3673	106037	0.035	13.544	96036
24b1d653-4757-5b8c-af33-767f90715f95	3537	130785	0.027	14.972	122353
eaf710d5-d4d3-579a-9052-e28f8ef5cb71	3482	153958	0.023	12.656	134938
ce4c3bc7-07cb-56ae-8b98-b64dd3f4d46c	6430	140091	0.046	13.379	126767
720eab26-499e-53e7-b8f7-72f710ada21f	6224	194996	0.032	14.689	181483
93e795a5-bbc7-523e-a404-225acaef06bb	7336	171264	0.043	12.889	152292
73bfa22b-77d4-5327-a145-c1f433a781f9	5029	115494	0.044	14.496	106805
049b21fc-ebc1-583e-8d90-8d3116854f97	2355	110181	0.021	14.361	101826
39c5c303-9d81-56fa-aab8-98d646e12300	5696	134926	0.042	14.759	125773
907a4d46-8145-564f-b327-9ec082a3e84c	5199	117335	0.044	13.728	107038
20a7a97d-c17e-5414-a83b-778b4394d1e7	6108	120216	0.051	15.949	114288
0ae89dc7-0b27-5998-862d-a2d06fad3786	3994	106930	0.037	13.954	98096
7c45f01e-512f-561e-8ab0-885371ec36f1	3079	104034	0.030	13.500	94198
8aaf5408-51a9-50e0-b4b1-4572cc1e6e0d	9176	157941	0.058	13.510	142956
d350a431-d1d6-5e62-950e-c70c29cbc180	6204	139874	0.044	14.304	129231
44c25f7b-5512-5018-b641-405183b68e5c	5262	109870	0.048	13.387	98666
54f4b9e2-cadd-5f57-addf-512834e1e602	5139	189410	0.027	13.178	169547
1c3edb8e-49a2-5913-8819-5bb47e0f8065	5685	122821	0.046	11.541	103131
ebeba3be-8873-5d70-9cbb-7a08814a9443	5676	123435	0.046	15.497	116440
83c696dc-1c45-5e50-81ec-b8c2ef4d2368	3411	160391	0.021	13.218	143951
ad741609-4f66-5a70-9de9-4e717f53b41d	4435	124321	0.036	13.820	113424
0e3fc12f-46bb-5ea2-9b79-856d10b994da	3653	101884	0.036	15.440	95977
8a64d549-8cdc-5c05-aff9-a616a4d626e9	11243	244580	0.046	15.790	231414
65146d6d-da8c-5cfe-833b-9c2c59e8f6d2	5918	110039	0.054	13.557	99686
939173b1-eafd-5569-8c20-5ed1e207a46a	4063	115640	0.035	12.515	101413
68e14929-6a5c-5ab1-a755-864d94b5a220	5860	127901	0.046	10.170	98293
5b979cc5-ab32-5368-ab69-ae934c30784e	5921	111883	0.053	13.349	101116
f4c57e8d-045a-5fd8-850f-f8294c61d47f	5080	116974	0.043	11.517	97781
34c0c430-525d-5ae4-8e6e-931b1878e1c0	3131	106457	0.029	13.562	96023
f1fc2d34-5a36-5b15-9310-0d85e5445897	6570	198647	0.033	12.942	176582
45452eaa-ffb5-5df6-bd3a-086c82a0bf59	2977	109695	0.027	14.630	101938
eb8f281f-c7ca-5c78-a95b-3a54a165abd7	18718	168941	0.111	12.320	148003
53324da3-d99a-5db7-b866-4d9712625cf5	6325	146020	0.043	11.911	124224
5a6956a6-e232-53fc-9ed2-18256801b41c	6340	173618	0.037	14.547	160994
11a9fea4-c3ce-5794-941d-e6e6be2ac102	8842	226949	0.039	14.393	209130
3f2fbdfc-b9b3-4136-b0b0-8035f6fb4f3e	947	122878	0.008	10.159	93565
e2f939ac-743e-5d4d-9f27-71cb826e53b2	8241	189965	0.043	16.008	180242
49d49a95-8c42-5c9f-b272-2c887e03dde9	4640	187411	0.025	15.363	176184
003c8e77-3007-57a0-8ba1-36258a838297	14852	290768	0.051	13.426	263116
6bd41ea1-b26a-5484-90a1-6abfd2e1fb37	6525	124022	0.053	14.012	113793
74543478-5afa-5a8d-817c-123bc9bff700	3608	104163	0.035	16.632	99775
162aa62a-c0fa-5d98-98bb-d70832085580	5010	139496	0.036	14.285	128674
b21a0bde-660e-51f1-bc63-c574aadf90da	6247	119739	0.052	13.725	109109
2ef5870d-450b-58f2-bd59-753e4f459a4e	4882	105672	0.046	15.479	99760
d5b1bc30-11b1-5e6f-b496-09ddfc053daa	9598	165774	0.058	15.154	155844
601c09c6-a8f5-5f7f-b3c9-98acd8dd3247	4037	122590	0.033	14.332	113191
838e654a-4452-5e17-bf40-202d3b78f528	6276	104480	0.060	13.920	95347
8a79f306-e39f-5610-a70b-30d56a94c8b2	2428	113128	0.021	15.515	106713
def91fc9-08a4-5a2e-b33d-d0375e71dcb1	8736	106250	0.082	14.900	98859
071d5c9a-68d7-5c98-ad34-1a8096fde679	7301	161478	0.045	14.276	148679
e7de9532-8fa8-5bc6-a3a8-6c69e6a0da53	7395	112073	0.066	15.212	105030
196c8d08-784b-5006-a50c-cad18bc80cd3	4964	133449	0.037	12.847	117283
4f4d2648-c989-5221-8dbc-a6444bd6f9f6	6757	194436	0.035	13.669	176255
00eb82a1-b7bb-5182-908c-05d7b9609c65	3595	137628	0.026	11.723	116228
e1632d87-c18d-5f24-a692-94d228605e6c	8234	180267	0.046	15.131	168600
82cfe917-00a7-5248-afcf-7795003dd789	5515	170652	0.032	13.182	153227
08697d1e-2357-5248-8c0b-4ef0760400ea	5551	144096	0.039	14.419	133080
410eac74-2fbd-5850-95de-62330974b5d2	6804	176640	0.039	13.773	160470
6d93aade-7c82-568c-9630-ba9ceb8e7d5a	7197	123390	0.058	12.440	108334
a60b7c13-8284-5c2e-aff5-616145603c46	5266	175575	0.030	14.021	160785
5a82ec5a-8498-5baa-a23d-35b5ae560cb2	5713	126111	0.045	14.266	116444
cccfc373-4b22-56c6-b805-2253d30e45b0	3472	100881	0.034	14.602	93591
6d57bee5-0bed-52fe-a5e5-e733c1e92d76	4735	134063	0.035	14.693	124479
8b7266ed-6a2d-57fb-acb3-b531844ba363	3911	131232	0.030	16.191	125058
05d3b4f4-a968-5a8a-be1f-322f173235d9	7224	141192	0.051	11.133	115769
ccc1a143-93f5-5822-af74-3c37aa6f925f	6846	208545	0.033	13.635	188877
815675d4-8995-5a7b-93d3-cf4995e4d958	3371	119445	0.028	15.172	112022
e8902e76-ed92-511c-90f3-4c124aa2748a	4531	117713	0.038	13.874	107866
67ab87a7-d40b-5881-8ec9-9c23b8e7ada2	8302	228615	0.036	12.567	200868
94bcb759-17cb-54c5-87ca-fb494e7f8b59	8075	168007	0.048	12.414	146333
b1ca516f-5d1a-5caa-babb-c58758aa8f09	4938	132083	0.037	13.919	120412
6d2f47d6-2847-5778-ae54-34bbca8face5	2962	100648	0.029	13.933	91968
02320477-eb30-5f64-b77f-9cd2a80c65ff	3676	110540	0.033	12.344	96223
e93cbd98-b45a-5fdf-8678-8059ddb86d59	4739	113661	0.042	14.503	105452
79d6ab98-3cf0-5567-b586-bcb79d73e218	2912	106340	0.027	12.138	91834
e13408fd-6dc7-5436-a055-15cf716d2f99	4222	152036	0.028	12.575	134054
5f4e4c66-ca15-5798-8a17-c8b1e8090208	3864	122847	0.031	13.670	111788
8dc2adc1-6eef-517c-aca9-ce81fcce0586	5939	151018	0.039	15.113	141570
7316363b-e76d-5d9c-952b-0ef79845574e	11915	266826	0.045	10.225	208073
e598e4a8-b6f0-57b1-b85e-db505e3d5379	10270	205259	0.050	11.626	172882
39a2e13c-628e-5b27-a58f-985920ec0e4a	2689	125089	0.021	13.216	111995
339bfb23-2eef-58ed-b99a-b46844948a59	3645	102964	0.035	16.286	97932
be951e4d-4362-552b-9395-c125fb2c8839	6212	106675	0.058	14.381	98363
1338e18d-cbb2-5388-9d96-497512f31d4e	5590	142807	0.039	12.825	126651
73967188-bc9a-5062-8ff6-23946b473afb	3346	122175	0.027	13.755	111315
e567b1c4-d3cd-5c64-9e93-a1dfc3fc5ad9	10702	165802	0.065	13.370	149477
2559914f-ae93-5f5c-b64c-5e474c891dea	4318	123501	0.035	13.517	111538
52809d32-832a-5435-b60a-761c85caf251	4828	118264	0.041	14.037	108157
59af514e-84b8-504a-ae7e-90151fb5f52f	10537	132547	0.079	15.412	124682
0ed508a6-7d4c-587d-8a5b-56fc85b3ff2c	8080	201290	0.040	16.598	192599
ef3285a1-c06b-560a-a9e9-0ffaaefcbf17	5272	161433	0.033	16.221	153766
1da68758-6929-5e46-862c-a509945207e0	3345	102074	0.033	16.348	97548
4146821f-7394-578d-9d12-2e272a2efd0c	3984	109221	0.036	15.827	103663
82921d1d-1b60-5cd2-8aa4-eb63a78ddb7b	5006	134615	0.037	14.984	125873
1b27084a-623d-51db-9d63-ae541fb34674	6559	169803	0.039	15.422	159584
714d77c6-7627-5938-a094-fa297ab957ee	3664	104014	0.035	15.177	97502
118cba65-2b0a-50ef-94bd-e37d5f1b948c	6738	127269	0.053	14.016	116433
118658a9-f356-5e26-a3ee-7836cb53a8c9	8741	178362	0.049	15.030	166973
6c18e483-0fde-51e9-be29-05c4d9ca9d69	10989	121911	0.090	16.090	115987
4868951d-fb58-5d12-aa1f-f40bc52be1db	4679	109702	0.043	15.235	103075
e581edaf-bb7b-50c7-8bc4-4934cb83fbb1	2712	125861	0.022	14.486	116643
5e51851a-635b-5373-852e-a2a712178616	6628	161595	0.041	16.309	154392
e5403251-b8fd-54c3-9ee4-7ab3352f4a1a	8885	177817	0.050	14.643	165513
0d049fe0-3e65-56fb-8271-6e2e1ee2594f	3230	114428	0.028	16.267	109084
a50d1956-eb66-5e93-93c9-ea53e7835f35	6233	169546	0.037	14.941	158332
8c25766f-973f-5d5d-9c6c-3e649684dc62	6449	143862	0.045	13.394	129591
6333c079-3053-559b-9497-52a66d1f2b1e	5325	122880	0.043	14.936	114953
bd3256fa-65e3-5bfa-82eb-d5f3954ec778	5951	178118	0.033	13.142	159156
343a06b1-1a7f-5a3a-b40f-125a8d1b538b	3730	127061	0.029	14.142	116628
881fdce6-77cd-5e41-8379-cd336acdda6a	4212	103129	0.041	13.029	92028
02a86b59-95db-5a50-8425-e9378e666872	6598	135432	0.049	12.573	119177
2077fde8-d1e5-5646-b55d-de5adc9e5647	7837	117517	0.067	14.717	109746
549eec9e-881c-5977-b619-e7f8542f945f	4575	160235	0.029	13.711	145828
1abbfa13-3d54-50d3-bb2b-6bedeb40e7c7	4156	101428	0.041	14.136	93100
a8039448-6c8a-58aa-80ac-0fc1dba93e21	8380	173104	0.048	12.412	151129
bf611053-97f7-5d03-9a48-5e62c71637af	8707	251750	0.035	15.344	236724
1fcac99d-57d3-5a58-a194-c752472249eb	4492	114740	0.039	14.788	106839
4612596b-9a88-53c2-ba9e-4c66fb89a857	4811	125222	0.038	11.947	107780
271e689b-ffdb-5b46-bc79-3bcab66dd989	3872	113914	0.034	14.527	105589
86c28f29-2c35-5a0e-8de5-05c261a02f80	6036	102156	0.059	13.882	92993
a7de32ba-fa7d-5b56-85eb-7847705c2c38	8056	215736	0.037	14.249	198506
1096d48e-e5db-54af-9d9c-98a526bb2b3e	5174	150159	0.034	12.585	131843
32db9017-fd5c-4314-b111-14a9ed83809c	3989	110076	0.036	12.819	97731
f0a7d3b0-b815-5d1c-99af-009a5490b017	2603	113169	0.023	12.468	98545
a29378e7-7c82-5b66-984d-32a5e70a7e7f	4884	135366	0.036	12.999	120590
214d2d82-9556-5d9e-b0c0-6cb35f84c694	7976	178543	0.045	15.643	168847
b4584275-9ec2-5fae-9aae-f50e9cac8b27	3017	113145	0.027	15.366	106422
9f2fa821-a7a4-53ba-9f49-6b5dbd33840a	4988	103221	0.048	13.434	93374
a3e50c0a-c42e-586c-b12b-09c49e8b24f9	4598	112684	0.041	14.022	103518
ba74a5d5-9e6e-545d-98d4-a56f86c76bd9	4699	101665	0.046	14.841	94952
77805206-8d20-505e-a490-3f766e04e6a6	5288	110231	0.048	11.987	94447
fb883400-687c-5fcf-99df-7d57ea4295a1	5222	111026	0.047	12.026	94425
1e9a3d17-e840-5ce6-b27c-b27fb7bb7e60	6587	188955	0.035	11.289	156263
281b4f22-90d0-5e26-9d53-4226e99cc4e4	5281	156225	0.034	12.380	136284
bdf1f844-695c-5e35-85cf-853241676ab1	7189	145708	0.049	12.942	129912
1a34ce5f-e96e-5cc5-86f3-04f208cac25e	7350	142664	0.052	13.413	128896
9ddb88d3-8f74-5617-8ad9-f072becc4704	5218	114221	0.046	13.289	102762
6f736a44-b805-5b7e-b0d8-64a87fa900ca	2354	100362	0.023	15.021	93945
e4982f10-08f9-5eec-a46b-c7681c61aa39	4705	120939	0.039	11.367	100667
416e98b7-1b67-5750-8e70-03d87b65d856	3556	118932	0.030	12.577	104818
4a511df6-239d-552c-8c2f-a5382c2d2cd9	3222	122405	0.026	11.907	104050
9aa88d63-64d1-54fe-abf2-e11dc4fcb1fb	3838	141306	0.027	13.809	128572
6ac4db0e-31b7-5aaf-939b-aaf5a2ae95d2	4496	117332	0.038	13.720	106296
d57e4b19-d76b-5638-8502-394e0a984fa0	5618	183586	0.031	14.542	169843
4fe2966b-84bd-5229-ad81-7a46a544f1d6	5763	126646	0.046	14.903	118439
aadb861e-6af3-5edb-b445-12bc2052e284	3632	123259	0.029	14.978	115488
e3aaadaf-24aa-4935-b65a-9a767c2fd84e	2973	101719	0.029	12.545	89274
a75f2015-4d32-538b-a701-d795683eb147	14655	176530	0.083	11.576	149407
87af4eb2-0673-545a-a752-dd38db98762d	2750	101345	0.027	13.877	92633
cc359a9c-878b-5c82-9377-b6049ced415a	4444	100211	0.044	13.651	91035
5e1c9ec8-9252-5e5b-8e68-24b9fb4c6e1c	8582	250950	0.034	11.564	211654
29f86757-d8d6-581b-b53d-81cb5da1bbd8	8867	260487	0.034	13.850	237464
3917d8c3-f13c-52ed-a13c-16401bb1941f	2897	105621	0.027	12.505	92697
4320c0a0-1898-5588-8e5e-a5f778b940f0	25551	142858	0.179	12.372	124306
252c6d91-fc76-554d-a1d5-2febbf0be93f	4466	100466	0.044	15.817	95175
801929ef-d460-53f2-ad9c-6b382c252f81	3554	100661	0.035	15.037	94351
39fd5526-8c43-5379-a038-41a9a71215ac	5300	111455	0.048	12.652	98369
add2cc72-0dfa-56e5-875d-fe04130015e2	8088	146400	0.055	11.231	120160
553a9097-b41b-57e7-b5ef-c5059b8cab1d	3762	102972	0.037	12.613	90483
19695851-a97a-5942-9d1b-6650f3c9bdae	2319	102609	0.023	12.633	90642
ac3579c1-96fd-5d88-912d-2b9177b173b6	3171	104778	0.030	15.560	99079
be15d271-2b46-5e76-a247-5baa907760eb	5349	160964	0.033	14.501	148953
cbc1f8b6-ee5c-5d55-8f77-61f04f96040b	6667	100481	0.066	14.282	92868
949a87a1-3f7d-5f5b-b9e2-5d476802ed75	3858	119585	0.032	14.240	109523
9e7243fb-9761-5aa5-8607-7baf94d83b2d	5227	112861	0.046	11.188	92824
b927106c-f525-57e2-b360-ed50a6d3f6eb	5633	104701	0.054	14.245	96158
9a6846f0-2a61-53f7-a979-388ef109f23f	5660	147926	0.038	14.866	138029
ff43b50e-4886-5ff0-ba81-71b0b45b08d7	3005	148191	0.020	13.230	132696
7357ccf2-f5b4-59d0-aec5-b82ad0afa02f	2285	125060	0.018	13.482	112991
8f0e6f2e-460c-5a03-92fb-ec7a288111a1	3191	123465	0.026	13.785	112724
a8110dc2-8020-57c0-8524-0d76d2f1b191	3386	116177	0.029	15.026	108459
64f8efbb-f2a6-5fb2-b019-4bf5de2c24ed	10405	231611	0.045	15.648	219102
a7bf9306-f195-5dbb-9dc6-193912263a0b	4059	143941	0.028	14.299	132999
9cce5c04-6cc4-559d-8795-c148ea01a714	4407	109900	0.040	13.204	98545
66cf6c05-0e96-5773-aa29-4f7473801529	5344	161434	0.033	13.873	147465
8d96e186-b482-593b-8e98-a1e124ca47a1	4703	104034	0.045	12.122	89263
023bc2f9-e647-5b66-b81a-d6b993288175	4909	116092	0.042	12.868	103140
c84c6d70-0661-5724-8081-9024ad07cb77	4098	100472	0.041	12.506	87800
2aa965de-f4ea-59bf-bf5b-0037752d407d	3483	108713	0.032	10.267	84572
20504f3f-980d-5a5e-8243-37e1bee920c0	5192	134924	0.038	14.588	125422
20d0a5c7-0b6e-5acf-a34d-72b78ecaa0cd	3978	146813	0.027	12.562	129242
8615357b-1dfb-5c57-9713-a35ed54f7055	5139	143655	0.036	13.704	130457
9d918743-fd2f-5768-ac1e-f6d566857cf5	3845	102023	0.038	14.988	95633
7d2777b1-ddc3-5e91-ace7-f3ff54389ff0	3852	128487	0.030	15.387	120744
f9739f61-3e99-5669-8942-05cf9212f318	5130	117150	0.044	13.196	104558
c4e7679d-2951-5a35-aea9-3d0ded5446d9	5228	118035	0.044	12.884	104746
b5764f8b-d7da-5db9-b093-ce849676f6ff	7762	135809	0.057	14.589	126333
02671b87-b088-56b8-b7bb-9c063496857a	7217	128096	0.056	12.915	113460
61409444-cc2b-553e-9fd4-3f247993adb0	3583	136019	0.026	11.842	115760
bd58c13b-5ec9-563d-9fba-e6488af3f412	4887	126631	0.039	14.840	118086
427b7907-87b6-50fe-a333-c20d3b6a1835	3598	118447	0.030	14.957	110820
6cf0fa27-3e5c-551e-bc7c-c251c305d468	4805	100545	0.048	10.613	80011
4c08d5c7-f56b-5d4e-9fc0-8cd564110ad5	4431	118470	0.037	13.544	107425
85ff17f7-6a21-5e32-84bb-8fe4325473f2	3299	108594	0.030	11.199	89871
71e81f03-2b36-5539-99e2-37f9408e67aa	4180	145333	0.029	13.901	132904
4181b794-f847-5088-b05c-b393128eb121	4854	225015	0.022	10.229	174303
c41984f2-1253-584d-92ce-a96cb6103147	4418	117613	0.038	12.202	101663
66524ecf-1b69-5f36-9f23-ea532c24cbd6	7018	158145	0.044	13.012	141200
53fd4921-26b0-5818-8b7d-0b5e95169ba5	4781	100994	0.047	14.019	92843
cec8b14b-134b-50de-976c-f7902dc32aa1	7246	163940	0.044	11.949	140586
ad84d367-4db4-5964-8809-c8fba266f8df	7446	202270	0.037	12.816	178673
4cf5861d-9a31-5dd1-90e7-3b18caf1ca6d	5421	135360	0.040	13.870	123377
1d6c27db-46ac-5479-8ebf-54c98bf4b17d	7740	105562	0.073	14.481	97466
f9432029-e385-5cf1-a74b-6249c1e1ce11	5108	119044	0.043	12.956	105593
3fec5759-f389-57bf-868e-4da5a17f4b61	7944	158834	0.050	14.162	145920
5b489b99-627b-536f-9f92-61668d921895	3246	101250	0.032	16.593	96907
ccb6fd6c-6512-5876-86ad-77f298ed2240	5441	121437	0.045	12.041	104098
58a0033a-3795-57f3-9f27-2373bf45e44d	2669	119852	0.022	13.040	107207
efe28342-9f3b-5c72-9daf-8b4046a6e08b	3806	109902	0.035	12.045	94607
eb5e38ca-1e4b-4526-98bb-ebbe0d0f6ea5	4591	116427	0.039	10.207	89942
42f548bf-056d-43da-8d4f-cdf6758da4cf	7004	123883	0.057	12.166	106809
67c6230e-f2f5-5323-ae26-ff035df845d0	10656	244609	0.044	14.234	225342
587aa067-0ade-55d6-982f-083a5cae00ef	4884	106966	0.046	12.275	92208
c5eaeae2-2e2a-5320-a190-6d0450ad6a2c	6995	102217	0.068	13.688	93087
8a0e2737-efe4-4201-b951-0a625d42d475	6409	104586	0.061	13.325	94017
3e40564b-e933-582b-87be-734be57b56a5	5122	108233	0.047	13.883	98783
4c63c3a5-06bc-4ccf-98eb-2a71647c9aeb	4802	111884	0.043	12.247	97263
539592ef-763d-5895-a4bb-4cbbebd5acca	3197	150257	0.021	13.712	136559
e5b9d9ff-f9fb-50a3-8be6-4c6d22c0ed8e	8445	140118	0.060	10.107	107303
2fecd2ee-4fa0-5b4f-8e69-2209685ee8b4	6235	110603	0.056	12.618	97057
136dc32e-a50c-5744-8704-f977facd269b	6235	123797	0.050	11.794	106173
48622fa0-a990-59a8-95ab-2ea7b3a202b7	4476	124168	0.036	13.822	113269
9a118518-b418-4a4e-bc42-81981b1c5cc9	11211	134680	0.083	15.340	126739
3f30b418-2d29-5fd3-b661-ed2d81bfd78b	5391	139953	0.039	13.196	125395
d36b0792-c31e-52d2-8aaf-0cd0262574ff	4260	103309	0.041	14.681	96305
9aecb49e-cb11-5c2f-b461-74048f3bb3a4	4393	107771	0.041	14.258	99484
e3288113-6eb5-5fb0-8ae3-6daf89e74fd4	7342	165349	0.044	13.729	150557
3518218d-4832-5502-9022-041523350461	4173	104576	0.040	13.681	95032
d153cd51-ad06-5103-bc1d-aee9dcce03ae	4075	137527	0.030	12.908	122310
66811331-e41e-54ae-8939-b5ae33965a4c	6939	134522	0.052	13.141	120929
96c41cf8-5f64-56a3-b7d3-fb68ca402db0	7598	123048	0.062	13.494	110866
9f1e211d-65f6-5383-a073-c8f8150ad38e	6824	158437	0.043	14.854	148037
197e623d-2317-5f62-999c-1d4bf2448f75	5947	116232	0.051	14.143	106782
0903c9cd-75cb-5dc9-ba70-d91bfd791947	4793	102341	0.047	11.495	85668
b83a6aa4-afe0-5367-b294-bba6351e45ca	7266	194629	0.037	12.946	172486
fea7f039-5206-5e23-bfc7-af671fafc035	3120	110330	0.028	14.206	101583
447ac7a2-bef8-5ce8-8a9a-7516b10868c5	4459	122759	0.036	11.910	105321
3b878152-d286-50ee-b7bd-a7bd8278000f	6093	115093	0.053	14.166	105833
9bb52d62-e8cd-5f01-b3d0-464a30599b9c	7439	191886	0.039	12.006	164747
dde81421-ba00-5c06-a30e-5044d455c85a	5489	139404	0.039	15.478	131394
d92effbb-cd86-5de8-bf43-2f31fb6887ca	6548	118765	0.055	15.410	111624
16b80923-a2a6-5ac7-8b1b-fc268cf3c77e	4349	127147	0.034	14.973	118862
77ed036e-6979-5b75-9afe-4be8c827eab4	5586	102764	0.054	12.158	88869
b3ff947f-a55f-5f24-bdc5-d7632808aba5	3920	109767	0.036	12.287	95362
687ce7fb-4001-52fc-b52a-b0f77ed9bf32	5602	107403	0.052	15.535	101420
c71928a8-eca7-57a7-8364-ce0e005578fa	3180	135192	0.024	12.357	117513
2c0f631d-7ef7-57e3-9943-1fd98898ec8d	7956	198886	0.040	14.870	185225
861c7500-22d2-592e-9b64-38eeab11c627	5665	134181	0.042	15.926	127454
d8156c0d-9da3-5565-b886-c1c420f960c9	6000	122407	0.049	14.280	113061
76996cb0-48ce-5be1-95c9-b691534350d0	5904	239574	0.025	14.094	219974
6665be10-7f1d-5bab-ab51-59fa6041c222	6380	131732	0.048	10.223	102304
ff05bbd6-5b4d-5fc6-845f-7b6b30d700a0	1414	104708	0.014	13.845	95558
c7fc62a5-a638-5d1e-bb7c-5a35a08670ff	5528	149224	0.037	15.654	140931
86f8a507-57c2-5ece-af11-86ef4e7a4453	4597	113431	0.041	14.343	104632
fe49d640-24d8-5a64-80cb-5e49d829136e	3281	103160	0.032	15.617	97320
bbfcd7f9-3513-5b64-a01a-4f7ab6912b6c	5494	176952	0.031	14.830	165019
86d3f0dd-25b0-5a5f-b934-07fd9b8d9bd6	5956	143754	0.041	12.776	127102
593f769a-552b-516b-a8a2-596f29b4b57b	5800	127009	0.046	13.588	115234
06da4530-68ec-51d1-b817-0d3e814eb3c0	4363	117627	0.037	12.832	104327
1c3beecc-7254-5a95-b147-c8334006fc27	4606	113097	0.041	14.643	105212
f7cf5113-d13a-50db-b85d-b85024361917	3323	121669	0.027	12.609	107208
ec8de3fb-9903-5412-aefa-28072c99d9b5	6088	118410	0.051	14.500	109516
184ef3d5-e539-5b76-890a-4a16b4afd854	3246	103704	0.031	14.027	95093
6803c58f-927a-5d65-bbcc-7bc97fd0eff0	2756	101218	0.027	13.187	90750
9331e3b6-c2e4-5c5d-9985-c572219a9b4b	6417	144466	0.044	13.002	128989
7dcba759-1f75-525c-b448-be88698c6afc	3830	108609	0.035	12.484	94988
527607c8-4ddf-527b-96c0-e3fb771e24ae	10127	201046	0.050	11.972	172738
7879407d-b509-5907-8506-63b80a480d07	7383	166122	0.044	13.496	150660
6227a28f-9af0-5f00-85b8-7ca48f3ceadb	4863	108486	0.045	13.264	97724
f9f0df15-5701-5e36-8ed4-da6b4b57bcc2	9393	109600	0.086	13.106	98319
a598baa9-5da6-57a5-90dc-18653d433eaa	3023	106628	0.028	14.769	99447
26495e2f-dceb-516c-81e1-47a5ba0ec7eb	5232	181235	0.029	14.699	168540
bf492848-6d4f-5980-99e6-0cacf02f9b2c	12097	241316	0.050	14.524	223461
3d9a3e99-7a59-52af-95e7-dbc4770c410f	6026	151083	0.040	14.170	139166
5ebe3864-5b85-5eb8-8bdd-1230b53df139	4840	119840	0.040	12.918	105442
ea1f8ca4-deef-52e9-bfbb-00e67c8de2d8	4846	146835	0.033	10.262	113678
7213af55-df8d-5c63-90c0-d0a5dfd5ace8	4020	116681	0.034	13.939	106828
7d3d31fe-92ba-5f96-ba72-550879fd8b59	1535	118069	0.013	10.231	91402
65500bb1-3579-52fc-acb3-cca12196aaa9	5528	143082	0.039	11.535	120582
5622679f-f9be-5fc6-ba83-c053c643730b	12343	242063	0.051	14.117	222400
b2dad609-4955-58f1-9d43-782df99f7a7d	3900	119507	0.033	14.050	109629
b04d47b0-4838-5378-a36a-a546f694a8eb	4864	104583	0.047	16.430	99958
58079a32-3172-5d67-ad8e-3bfc79e2c07d	11505	143224	0.080	14.732	133181
7597fddf-3df0-57e1-aa30-4b3f7501ca6e	4185	149530	0.028	14.398	138295
13d7bbef-129c-549c-b82c-747cec223ec3	3422	135159	0.025	14.088	124182
bb039490-3b21-5c6d-81c4-83ec28195db7	7756	205268	0.038	13.517	185608
c706f35a-bc1c-52ad-8586-b1974e82a45c	4214	113414	0.037	14.411	105088
5adfbcf8-8337-5449-9f94-dc706f313c4f	5585	105020	0.053	11.825	89020
d3219c96-378c-5cb0-b346-b0a053fb6771	5172	105967	0.049	13.832	96753
f9e6054e-9252-5abb-8731-8b35f78d9ee6	8945	193119	0.046	12.631	169390
e7691d55-5319-5c77-a1f0-43d2cbd24d58	4144	101306	0.041	13.538	91969
13452339-3ee2-5b11-a5cd-c992a0aa71b8	4265	133942	0.032	13.877	122499
46c357e8-434b-5ad1-a4ca-14e49ae119dc	6327	155994	0.041	12.672	137723
8287e20a-4e81-543c-aa22-a5172c0b8e05	4051	103343	0.039	13.322	92577
5823e9e0-f804-57e9-ad73-8ed511830758	4993	119494	0.042	14.862	111407
fd75686c-9a46-5b77-99e5-c438cf4ce1a9	5960	109569	0.054	13.649	99785
397b0830-4a33-52d0-a305-ebefc37996ae	5480	165202	0.033	11.709	140003
2c160572-0759-5072-aadc-cc06cf2b56ab	4236	100163	0.042	14.459	92802
65bddb7c-b0fd-5075-b5c3-208c26b43402	6778	155401	0.044	14.036	142242
e663c4ae-96ef-5baa-a84d-9e415cfbe7e2	8251	138959	0.059	14.284	128306
082e8ebe-48ba-40b9-a23a-51e766ce722c	8170	113217	0.072	14.323	104576
b97f4ba8-a781-5e9c-9877-2ba94b1aac28	6683	113991	0.059	11.515	95753
1926d1e7-1adf-5b1d-95f4-9ba6f569a464	6235	208779	0.030	13.235	187684
a80d0b47-470d-5dd8-8ff2-b015952af07c	6671	112272	0.059	11.460	94254
89ea7311-bab3-59d4-9b0e-4126c852bf9f	5571	100460	0.055	13.632	91487
55ac0e34-8f8f-5880-a86d-6bd7d1ff3fcf	2522	109316	0.023	13.715	99596
9f74f229-e800-41e9-92ec-b9604b48931a	5712	102733	0.056	10.934	83512
b440d88e-8482-4532-994b-4c07b93908b6	8231	127791	0.064	13.093	113793
e48ab783-baf1-4efa-8c7f-0a59bd4ca039	161241	164683	0.979	21.011	161995
f1e68a00-9dcf-410c-8761-110d56cce55b	4368	127887	0.034	12.825	113381
ecd25513-4dac-4add-bec2-5423855e2654	2121	150147	0.014	13.448	135431
67f9cbde-58cf-4dd5-94fc-ba04bd9e6ebd	5031	115620	0.044	13.087	103315
7cc0aa77-7fff-4375-99f1-18c7d0376227	3447	124410	0.028	13.437	112277
bb48da95-473f-52a8-8d43-005b0c67c1d7	4670	115047	0.041	17.226	110865
d720a9aa-baf6-53c6-9d3c-758dae307c5e	6075	109747	0.055	13.613	99367
f453daa1-4ebe-4eef-9a47-06a7289e0105	7565	112076	0.067	13.245	100598
958e6d74-7247-5767-8451-9e52fd900280	3033	117629	0.026	15.471	110861
9694c233-08fb-448b-a8a1-77bf28933c8f	5209	134321	0.039	11.653	113601
0d569afe-c382-433e-82f1-32c4ac89e758	2828	111150	0.025	11.884	95081
7692d13a-4431-4661-9039-d36625d208b9	5947	104749	0.057	15.395	98623
7976b5dc-1778-4001-904f-66c74925e9d5	3993	102653	0.039	15.091	96325
08170572-796d-4fdb-8f02-49185df25dcc	10559	105497	0.100	18.871	103105
aeff2e19-288a-4973-9c84-7d3204decf3f	3275	138869	0.024	13.375	125101
71a7f141-8a7b-5ce0-ab86-5270b40a88d6	4756	108967	0.044	14.110	100246
a8a6490e-c82a-4d5e-b79a-1aece64d3cd6	2824	118721	0.024	11.365	98998
3642694b-3da5-4a02-8fa5-48f39ba3af0a	2423	118029	0.021	13.323	105921
3fbb6a58-6e85-4090-a950-9c0dfe8d66d2	2917	114260	0.026	11.140	92681
25b94342-e612-481a-b5e7-d9bf660b3838	1335	134454	0.010	13.265	120828
cc4271a6-e5b7-5e2a-a871-b78a5ff444c5	5059	120935	0.042	17.617	116864
ee2c9f24-9b6d-4997-af80-ab4cb0d793c8	2903	108464	0.027	12.568	95184
cf24b1e8-b188-59ef-a6bb-58886cddb420	2041	112009	0.018	11.272	92665
09d3528c-f030-468e-bb8f-fe0b1b8c9a70	103282	104163	0.992	14.226	96457
0f336a3a-7562-451d-bf6a-eb8c0243a701	5222	162748	0.032	15.172	152526
a16104be-15fa-484c-94f1-9e456dc766f4	2907	100554	0.029	13.177	89804
267c3682-a5a8-45c4-aae8-9ab515446d77	2525	117943	0.021	12.816	103783
00291b9d-5480-498b-9e77-375ec8cd4156	3716	108379	0.034	12.464	94508
fd129a14-b281-468b-82c9-43a1f172052f	4805	113353	0.042	14.189	104550
6e33c685-123d-4c7a-a84f-4b77ddc19d18	3800	130817	0.029	11.433	109100
41bf27ee-687e-480b-8bea-4855f119dd27	221	103557	0.002	12.378	90115
57ce5dc7-9b0d-4ce9-acbf-afdc0a3d9af9	204	101662	0.002	16.837	97443
80f75f91-6b5c-45e6-bea2-fdd612fc670a	3456	107893	0.032	13.511	97451
2dfab191-468a-4086-8b24-522eff0205c0	1595	106133	0.015	13.009	94448
e02378ce-1a06-4ee1-864c-81a07e63f34b	548	114483	0.005	14.426	105431
69c92f58-7f6a-4043-950a-dc7b32862742	4381	104173	0.042	12.929	92245
9c5e96e2-3707-5bda-933a-2de26ba49452	3067	108262	0.028	18.984	105761
eab8c9d5-3c63-5eb6-ac98-dca19a449e6e	4424	134292	0.033	18.462	130676
839aa2ad-08a3-42d9-b8d8-71c8bc176ba1	4289	132998	0.032	13.602	120781
1ab58e7c-70b2-4b29-91b8-b0f0f43af600	4052	102511	0.040	19.821	100736
642a2403-b8ba-416b-9154-50155c772c0d	4704	137858	0.034	19.844	135073
d3bb3c79-457d-5315-bc45-708d18016837	3590	102628	0.035	16.635	97947
a3b68b29-5540-41bf-ae90-b42c439f14a9	0	128275	0.000	13.164	114014
d8b669f4-dd20-4a43-a888-847ef3d0f043	4478	103738	0.043	13.839	94526
79918ea0-364f-5613-bf1d-7b1bea62cf44	3213	148105	0.022	15.418	139014
d6171756-50ab-5d8d-ba13-e492da6191c5	5365	248238	0.022	15.552	233704
459f42ed-65b9-532a-9444-523598144493	3670	137998	0.027	15.994	130634
b403543f-f2bc-451f-bf6e-6ee259e601fe	5894	105727	0.056	13.995	96646
2136ce95-c98e-4715-a4ea-75b3546f25c3	2896	105811	0.027	17.168	101899
4a941d54-9c48-4bd6-bc9f-766adfd90170	7131	127248	0.056	10.265	98449
931b7072-e006-476f-ba00-ed40de7ceb73	2944	145407	0.020	10.156	112535
2c5215c9-dc20-4211-bffd-002315d4a23f	427	145021	0.003	17.589	139741
1d822685-6539-49f6-b72a-0e53de035979	3413	102832	0.033	15.819	97351
1cc52a60-3ea3-43b9-97bb-ec74a99aa740	5119	111106	0.046	13.043	99110
0c80249a-667b-4000-8152-49cdff064187	1175	116469	0.010	13.478	104722
af682e4f-30ba-4169-8f82-b8a7f013e08d	5652	129881	0.044	13.828	118404
36d0f814-6d2c-484f-8357-cd115d039fa3	4984	139079	0.036	15.730	131266
8ccb789d-01dd-4572-bfca-c5dc01c33510	2337	119629	0.020	18.778	116734
95d09df1-d0c7-44a2-bc24-c89c8349751e	5007	131789	0.038	12.540	115441
08690d20-0265-4545-84d7-43a7c46e9589	5979	116898	0.051	11.304	97215
a535573e-a9cb-44a1-9da0-ca1f9647d63c	2222	111329	0.020	10.025	85260
ca012d8e-ae93-4dbd-aac6-6e695d6bb278	10657	136972	0.078	13.714	124356
76e0d429-fd17-42d5-8c3a-379ad49bce9c	4618	113912	0.041	17.625	110020
bad3ec3b-6fb4-4160-b11c-cd0fa0a889ce	13962	162891	0.086	12.999	145284
83e72e76-3c0c-525d-b83c-408309b54b6c	4006	152463	0.026	17.678	147432
b5485a02-8c3c-533a-a03e-6b45df23a266	6177	112711	0.055	17.254	108569
98044d50-9959-5b4b-a3a6-9573ff9a3294	5555	123364	0.045	16.957	118569
dcaabe04-0893-416c-a1d1-a9b447bff352	1804	106952	0.017	12.942	95050
74501d97-6b04-4b37-85b5-cb1fed384f35	2372	101198	0.023	13.288	91079
0ffa2eef-2f02-4238-98c5-977526904c28	110	104190	0.001	12.921	92004
304e2368-adaf-5a2f-b293-6727056c6a81	2625	122225	0.021	13.715	111195
44cadc3f-ffdb-49ef-92a0-2be8a61fcf8d	4016	101371	0.040	13.642	92030
81de2bd1-3ec9-4643-b224-bfda67e3dbeb	2391	113343	0.021	17.770	109682
ae6046e7-58bf-411c-96e9-0f693a8208af	0	108817	0.000	12.815	96186
1d12ff1c-bcc5-40aa-95f7-91732466d8b0	1271	108507	0.012	17.126	104215
c66ec631-8cdc-464f-a4ce-9954d8acdf7e	2121	101590	0.021	13.556	91496
a3a2ba0e-2af4-4edb-8ac6-ab0a298aeb56	7258	106019	0.068	16.062	100456
c8dd40ad-03fd-4700-bd81-934e80b8c8ef	2642	100418	0.026	13.785	91314
c6dacde3-3f56-4ae1-a243-d5220801597f	3136	100549	0.031	13.588	91131
dac83a15-7cdc-416b-af97-818ecf0e1ba7	6561	101317	0.065	13.666	92026
760b503d-7055-4792-b2bd-9884a52cc3ad	0	130105	0.000	15.129	121728
8bc8457e-a0ba-45a5-90f7-8dfba867b76d	2441	115231	0.021	14.840	106681
6ce149ce-0e9a-4908-87cc-1ea5c1b34ce1	7468	123965	0.060	11.991	106162
1a1bb2f0-693e-4295-9055-705895299dd9	1918	135486	0.014	13.747	123225
fd0be4ab-a496-4ece-9502-2e7612f45e97	2587	107232	0.024	18.153	104215
681b797c-56ac-4ee6-be24-b82ed7c7be07	2956	190785	0.015	16.054	180917
16bfdc60-1ac4-4cdf-b45b-61bf81d113f5	7578	101195	0.075	15.838	95521
a3c44b97-a9b5-4ff9-b1a2-ee1b0d51b6a6	7441	114406	0.065	13.558	103425
646f9d12-e675-4537-be53-8d4d9c02c446	2358	107181	0.022	14.223	98563
ecd28566-27fc-4b1e-bd2e-7c5a9e05f746	1389	106145	0.013	11.353	88178
bdb07384-ef07-4372-9e2a-4e60c8198a3d	14033	100652	0.139	11.355	83029
da860697-c2e4-4daf-85b2-2b8fd474f3cb	2484	104324	0.024	18.907	101802
3ca98c8d-3509-4885-b61d-73ff8934e6f0	1800	107819	0.017	16.701	102777
0fbd6292-c5ad-47c5-b223-6b3d8110feac	3848	110992	0.035	12.900	98605
d82306b5-df96-4c99-b7c4-92db9f50beb6	2632	110344	0.024	14.527	102134
75b4d57a-8762-53ee-87d9-a713438b3ed7	2215	108526	0.020	18.481	105791
1f1fcbb4-1a83-55db-9bbd-110484103799	10698	163074	0.066	15.641	153818
5924b316-0fbe-5f57-ad38-3820d4eef57f	7196	213816	0.034	16.895	205229
d448f777-be08-4d52-9ede-e5d58dc6f381	3083	109328	0.028	13.376	98681
0dd11ae6-c942-588f-adfd-5abed7feeab6	8335	157063	0.053	16.433	149987
225631f2-867d-5978-9d1e-705fcbdef938	3348	103909	0.032	11.047	85831
d55708e0-6870-4e6d-b877-2d049aad1b5c	8302	115514	0.072	16.579	110271
948b4a63-d21b-59c4-8ee5-3433ef7ee2bc	3232	100467	0.032	10.697	81395
58d438d8-0a30-51dc-a70c-3d84e909ef4f	4169	133899	0.031	15.247	125307
0407cd48-241e-553d-98ff-7c19d92baaa7	7838	172460	0.045	17.236	165997
384a3b96-775a-471b-aaa1-a1734a5fc406	2216	100571	0.022	12.189	86910
99972ba1-7899-4887-b515-5e7eb65ac70d	0	104777	0.000	12.129	90021
01d7f76d-fb4d-40b8-8da2-b2213e2cad45	4404	100247	0.044	10.630	79917
b4287aff-8882-4180-bbb4-a0eb2da2a3b2	5175	108655	0.048	13.263	97732
ea09d435-9db7-40ab-a3e3-9c88f728ccb7	2521	105811	0.024	12.159	90441
c4430242-f870-4c62-bb60-62ef1d0e6422	2407	105293	0.023	13.336	94722
3e043480-ccd9-4049-9576-100f1d0df0e1	5350	102388	0.052	16.019	97289
23a70dde-9dea-42ce-8452-70065a0254fe	3780	100652	0.038	14.271	92568
b739b3d9-b294-49bd-9d4d-4b496ca183d5	1430	122859	0.012	12.405	106569
5166b887-4a4e-4c51-b238-3eb186e74113	2288	109702	0.021	14.938	102348
182ace9b-180d-57b4-a518-cdde8933103a	5636	100805	0.056	15.570	94468
a49bb15a-3f26-5749-a8b6-a5e73645246d	6853	118214	0.058	16.548	112706
688e7a02-5f60-449c-97b5-2d1bc5e48700	2635	114008	0.023	13.093	101703
d5891862-75a8-5e97-8a25-79b2a1831b83	4747	105266	0.045	18.009	102033
aec69b12-641e-5393-be0c-739e96e50b21	19980	443453	0.045	17.152	425789
8b503882-9d43-4a8b-9ff9-c4b8e598de22	3301	114422	0.029	17.153	110233
80c5ee33-9821-4b8a-a9c6-fb18333c7c4c	2405	108442	0.022	13.237	97277
e3ad510b-83e2-50cc-8aa3-d96ce038e367	2844	110385	0.026	18.397	107305
13a42bc1-a9a4-55a3-9cd7-c6f662cf68af	8242	243381	0.034	19.105	237784
d4b533c4-678d-4ebd-9dd6-77a4bea90862	287	116275	0.002	11.839	98711
b07f95b0-772e-4b71-a334-a9616b3ce6ab	3496	106269	0.033	17.189	102397
b3287124-8b71-4b52-81e6-f96bf515e03a	8502	101258	0.084	13.232	90741
974aa81d-cae7-5c34-8a29-e9eb25b365c4	3642	101719	0.036	18.044	98569
d95a09ab-2577-4ee8-80f3-0d369b2f37e9	4658	113862	0.041	12.018	97548
28c7ce29-e7d6-4931-8e7a-2c1240f46017	5882	100933	0.058	13.341	91085
d4a93038-4081-5ba7-b692-86310aacc943	18245	180350	0.101	17.335	174013
7996a85f-14cf-42f1-af5a-e3a2e2b02958	98	103453	0.001	12.121	89187
d2b9bcd4-af59-5d7b-a168-db6f55cc3ebd	6592	253535	0.026	17.494	244501
3b93ae27-9a41-46c0-8d8c-895c3c20dd2e	3120	102711	0.030	14.540	95121
78475644-a93f-4165-8bc3-95d482bfe811	3826	111705	0.034	12.605	97915
30f13b9d-213c-4b72-a786-7e466ad6650b	3789	100230	0.038	13.068	89485
09374ca9-7406-4a47-afcc-58a42c169fb4	3345	131403	0.025	13.476	118691
34e635fc-9680-5f24-8797-18e50d82444a	7542	132056	0.057	17.726	127811
2f57dbfd-9f40-5be7-a982-8e93d57c4d0f	1829	119376	0.015	17.781	115545
78d9d76c-3be2-51fc-a2fe-aa864a75e7a7	11123	295206	0.038	17.902	286207
acd0b7ae-0ee5-4674-9e78-a8d7d81b9ae7	8365	110852	0.075	14.381	102042
86282dea-dcb1-4207-aaf5-831ee78c5d97	5826	100012	0.058	13.871	91367
9252f369-b617-4bb4-81ed-6b0901089839	8871	100889	0.088	11.003	82642
eb39bf1c-efe5-4ac3-831d-c9a67b3b7bec	5344	102358	0.052	13.995	93435
2a8afb87-b3b6-4e08-9285-a79343061bba	1994	117365	0.017	12.842	103660
7e72cc27-3fda-45ba-8821-61a40c7f2962	4898	121222	0.040	16.683	115655
1402a0f8-7083-49d5-9ba9-a80cdabc761e	2834	106820	0.027	18.312	103745
dcb2f317-0716-4fdd-92b5-5c1aa0508b8a	2656	106875	0.025	19.004	104554
0f9209b4-709a-4cb6-973e-5140d898f57e	5669	105008	0.054	12.354	91054
2520bc63-03e9-461d-a331-973051ed45eb	10428	109157	0.096	17.990	105891
035c3a39-e118-4d0b-9555-50ceba6c0d8d	4986	136601	0.037	18.706	133258
6485b6ba-6ce9-4306-875b-e2e080f96154	8394	110949	0.076	13.652	100496
ac88a37c-7a1b-41ea-b4a3-23247ec46314	3572	125982	0.028	19.816	123603
ea749c01-92d4-48ab-b9d9-791e180c039f	2511	107779	0.023	16.529	103352
9211cfce-0414-45e1-b291-9e2440f8d20b	7455	135594	0.055	14.395	125737
3574b78f-6250-5809-9c58-8bf2211be822	4434	121997	0.036	12.377	106120
141a412a-41fe-4166-9691-330b647a6231	4797	136649	0.035	15.962	129485
