5b5ec294-097a-4044-9cea-106a3d49a94f	138324	477554	37-49421,124309-138188	37-49421,124309-138188	7.549	11.711	0.111	7.549
eb5c6847-a8df-5b15-bee9-8073f722fc0b	109062	12088	0	0	0.0	13.099	1.000	0.0
2dcf244f-f55d-4d7e-a199-4f52ef00c535	116784	170144	378-5459,112264-116762	647-4482,112264-116762	17.762	15.731	0.026	15.576
bb2748f8-4344-4dc5-a729-272e62c93f7b	106490	5521790	113-106388	139-106377	51.958	10.705	0.211	15.673
6d983df6-1d73-423e-991b-11836cba2ea2	103142	29838	189-3345	596-3345	9.454	16.330	0.389	6.536
83a2aaf6-1b14-4884-a2c5-64bf57a9c316	103842	152447	40-8840,99499-102440	40-8840,99499-102440	12.984	17.280	0.061	12.436
c58b3fbc-9ca3-5b86-98af-cd9b8c401bbf	141086	0	0	0	0.0	15.273	1.000	0.0
93c2b037-92e3-4077-a7e2-88a8b1991038	105286	0	0	0	0.0	13.983	1.000	0.0
cf126039-865c-518e-9bb9-e1b5eb728d67	126313	75356	35-3976,124275-126285	35-3976,124275-126223	12.663	14.515	0.354	8.701
eefded9d-3388-5ddd-a556-7e5072dd8505	108912	4406	0	0	0.0	14.231	0.593	0.0
b43cc1f4-6556-5b9d-b85c-1656c02999b6	119513	0	0	0	0.0	12.784	1.000	0.0
c2053c0a-dde0-5069-a5de-b0bae267d9f4	133390	4530	0	0	0.0	14.792	1.000	0.0
53b9c3ef-ffe5-56bb-a84a-a375a54196ab	148838	23104	1903-3893	0	11.610	13.556	0.516	1.001
34dbdf9d-45a5-5ad2-9f25-650f101c1e20	102514	15963	0	0	0.0	14.856	0.525	0.0
4a9d6060-829b-5d2c-9d6d-61bed326c97a	106207	36241	360-808,884-3865,103873-105591	1833-3541,104466-105212	7.041	15.222	0.371	3.281
3422d73b-0f48-559f-9461-1612b294b4b2	109543	5416	0	0	0.0	15.089	0.567	0.0
4afdbd9a-b8ba-5210-8f90-b5a74252a724	105478	0	0	0	0.0	11.222	1.000	0.0
8fda3218-1c1c-56a7-a325-7f7fc8cfb23c	104302	4430	0	0	0.0	14.800	1.000	0.0
a6650ed0-6d6d-47b0-822d-aec01bf72ffb	106851	106652	0	0	0.0	13.823	0.049	0.0
476ee08a-64e4-4bcc-a882-ab7cdbddcfee	117916	56592	135-6695,113724-116667	135-6695	5.955	14.489	0.292	5.023
7412dc2a-5be8-5295-b2be-7dd16d4b05a2	108827	17594	1756-4792	1756-4792	5.795	14.157	0.295	5.795
2f480e45-25a3-51d9-b981-a049351bf106	109580	36401	256-3589,107057-109545	107121-109545	6.253	15.087	0.340	2.979
a8ccce34-370e-54c3-b50f-de091087bb58	165841	39402	50-2128,165346-165606	50-2128	16.853	13.525	0.483	9.193
e54f8aa9-29d6-47d2-8e0e-7b76f86b649b	127698	1400006	65-127667	65-127667	10.972	11.459	0.069	10.972
58b31fa2-0807-59e0-88aa-8b3ce3ce237a	108172	128935	60-11070,105596-107930	1857-4297,105596-107930	9.662	14.019	0.324	5.000
d79f53cf-905d-5014-83f6-0e0a6e32e00d	126212	21430	971-2644,123503-126143	123749-126143	4.969	12.262	0.344	3.288
c947bc73-2e88-5a8b-afb4-e0137ec38c2b	201557	12840	0	0	0.0	12.858	0.466	0.0
3e8db7d6-eb33-5566-a1aa-3253982af17d	109545	0	0	0	0.0	12.809	1.000	0.0
9df83282-5304-55a8-8607-93bb6b79481f	101211	12106	0	0	0.0	15.394	0.356	0.0
6656adad-6b34-59fe-8402-c59aab7819fb	224110	5353	0	0	0.0	10.119	0.503	0.0
b4cdfb04-5383-5a92-bb20-3a5b75530bbb	100990	20613	0	0	0.0	14.044	0.451	0.0
5b4212dd-ce0d-5176-959d-0c072e1e0f21	139928	36130	361-986	0	57.808	13.687	0.470	45.272
33deca2c-0be6-5b8c-9544-3ec3edfadfb6	103359	49076	94689-101851	0	6.852	14.527	0.353	0.339
40f2e2b9-57ca-5e24-bb42-39156eae0106	139653	9223	0	0	0.0	11.449	1.000	0.0
432d42c1-46aa-5557-94c6-40b222b86652	136317	7634	0	0	0.0	12.693	0.310	0.0
3cd69835-eaa4-500f-bbf4-53144166267e	149415	79032	126985-148688	0	3.642	15.416	1.000	0.000
da082c58-0965-5a14-be42-79e7cf8915f1	174915	450	0	0	0.0	14.201	1.000	0.0
947af7ea-c8fc-5aaa-926d-202598ad4434	162951	4311	0	0	0.0	12.814	0.447	0.0
06bb5a78-4ece-58af-b179-2834d80ad1a4	113928	1535213	144-4210,75274-113882	263-4210,79784-112837	35.975	12.527	0.326	6.875
ce9e442a-0516-537b-8db3-36074e49749c	118231	10633	1668-2760	0	9.737	14.119	0.376	8.541
0e30c525-90d6-5df7-8477-b2dd4eada5a7	142573	26928	140667-140685,140918-142322	0	18.937	15.319	0.411	16.624
3b4b8eec-eb03-5f0f-a16e-3a7ffef676dd	108078	2963	0	0	0.0	14.917	0.318	0.0
ea81579b-8350-5503-a5f0-180813e21042	110453	6972	99-1107	0	6.917	14.043	0.492	3.845
c063a123-2fa8-50d6-8d7a-7764f37ecd89	110258	13363	384-3319	0	4.553	12.672	0.372	3.362
ba502e80-a8c3-5271-8288-894ae11d3646	150265	78311	1101-6290,146089-149572	1101-6290,146089-149572	9.030	14.922	0.324	8.454
93d4745a-03d3-5d35-9c2b-59ee0decb306	123306	2426	0	0	0.0	11.548	1.000	0.0
5df3dc49-41d4-5cea-a1ba-4af4b6ab112f	127259	30092	119423-125879,126068-127215	0	3.958	13.010	0.455	1.109
d32e4aa1-8b1e-5637-871f-1c498e1eba89	114587	97027	38-7135,111717-114503	38-7135,111732-114475	9.818	13.523	0.250	8.393
90db6df0-0b8d-5f7a-b114-83edd7780b04	176057	2575	0	0	0.0	13.995	0.581	0.0
248b2e7b-1f08-57cb-a893-8b05033a2b22	109970	7005	0	0	0.0	13.777	0.527	0.0
a83fc2e6-582e-566a-a3f0-204bd56fa8cc	102291	135392	73852-102030	0	4.805	15.952	1.000	0.000
5a0fed2f-ca8d-5d71-91ea-c3e06fe4560d	107159	96419	1382-7676,96823-107005	0	5.852	13.570	1.000	0.000
d03e4ec1-e834-5f20-b555-2efede212433	119837	17870	71-642,1131-1662	1131-1662	16.216	15.003	0.468	4.415
39abaf72-aa30-5f0a-a44c-58cdd150d042	115207	8172	0	0	0.0	13.564	1.000	0.0
0f926864-2503-5234-a393-0476d829234a	106231	28419	102563-105023	102563-105023	11.552	12.730	0.225	7.417
c68d5633-3b94-5145-a1cf-48047540e212	110601	5030	0	0	0.0	12.022	1.000	0.0
81744ec4-45c9-5226-b599-889aebd22742	114414	19252	980-3100	0	9.081	14.834	0.553	0.935
61a123e6-2cf4-5577-88af-54357c0580af	167872	20290	0	0	0.0	12.971	1.000	0.0
b9d1e098-a92a-5a0f-bd88-47328b10d5b7	195739	458960	1487-34034,194543-195399	1487-34034	13.740	13.290	0.167	13.468
801c477b-6a23-5369-aa7b-95756af1865e	113453	6733	0	0	0.0	13.845	1.000	0.0
24e575ec-51ea-566a-be40-32e2f5d100fc	176400	47743	92-1690,1722-5662	92-1631,1739-4704	8.621	12.639	0.350	4.855
695f877c-b7cf-5ec9-bfe4-514d934fd614	108858	88088	91666-108159	0	5.341	11.858	1.000	0.000
313a7d9d-24be-51d6-bc0c-248ccad1261f	108082	12790	45-354,436-2956	1358-2956	4.521	16.093	0.428	2.726
e83c7ecf-3040-5c3c-a63f-232f8b5131d1	150644	2885	0	0	0.0	12.869	1.000	0.0
0f3fe004-48a5-5df3-93a1-56ece3998f45	135747	4629	0	0	0.0	15.226	0.508	0.0
49a400ce-4508-5459-ba22-f7b946a26603	187716	39767	184437-187697	184437-187663	12.198	17.164	0.342	11.672
a1f885fd-17ae-5ca4-891e-6e3854c57ee6	130200	7492	0	0	0.0	13.994	1.000	0.0
2c0a5736-96c7-57b1-8a74-98374d7f7f22	184040	21412	92-4336	92-4336	5.045	13.116	0.352	4.049
ae5045c6-3af7-5e8b-b3cc-61b7ed58e4c7	193347	27084	190661-192938	190712-192144	11.895	15.228	0.469	7.921
cced8901-2695-5b40-8af5-fe34f4d8e2d2	203506	47689	70-2046	70-2046	24.134	17.104	0.471	15.288
57169fb9-7e3d-5e78-b476-b770a5b7af35	132032	55199	37-2202,129089-131801	37-2202,130222-131801	11.318	14.845	0.347	10.145
e10b7c34-2064-5edb-bc28-758705d5926d	145816	41920	52-1125,1327-4344	64-1121	10.249	14.059	0.367	6.099
063bb5ee-a629-524f-8629-73ac4452d33e	140571	0	0	0	0.0	12.032	1.000	0.0
3ee91326-f233-560d-a6e8-012a6bca3257	115945	36072	158-4833,115190-115818	0	6.802	13.906	0.301	3.313
3a8f432e-9d05-55a0-b2ad-e76defc250c0	159017	3187	0	0	0.0	13.562	0.428	0.0
3b6a6fe7-f2be-5698-a4bc-c86f858f7040	144423	123737	35-11382,142232-144367	35-11382,142232-144224	9.178	15.975	0.228	8.981
8ca99f47-6caf-509f-ac7b-a3da7e531443	110451	81649	74-10921	74-10921	7.527	14.096	0.300	6.203
991f7999-8945-5ec1-aaf8-4c7100a73ae0	102511	126288	216-1534,1883-12600,99694-101193	1919-12600	9.331	15.586	0.437	3.502
e55004ce-1ab8-5833-bf3f-fb26941eb3d5	191778	415312	146-1133,1142-28942,187660-191610	146-1133,187660-191610	12.686	15.620	0.397	1.563
7711810f-c40f-527d-9ab0-4a54992fc70b	139862	37387	1684-11229	0	3.917	12.319	1.000	0.000
7af06183-c21b-5001-b3c9-a4460cfebfe5	106311	5653	0	0	0.0	14.980	0.497	0.0
f4e51186-550a-5f80-ad9a-efa8297f2796	142048	0	0	0	0.0	14.442	1.000	0.0
a62cb20e-cd8a-5837-aa63-98df0f862843	120978	9569	119712-120905	0	8.021	15.660	1.000	0.000
9830fe5a-b43d-53a9-9079-7a39df57578d	123692	75327	448-6276	448-6276	12.925	15.399	0.359	12.606
686682a0-1cac-54d7-81e8-34186eefc6e5	129107	26081	382-2260,124921-128274	125272-128274	4.986	14.940	0.329	3.132
c0624808-5b20-58e6-bf89-f7e3241e96ad	117678	7404	0	0	0.0	12.466	1.000	0.0
7ccda7d5-365d-5406-85fa-32edfdc2ef7b	349605	0	0	0	0.0	13.941	1.000	0.0
5ef136f0-e8ee-53ee-81fd-953f2510e044	126696	49010	370-6799	672-6091	7.623	12.026	0.300	3.283
5ebfdfd9-9e6a-5ba4-8c8c-fcc38d514f14	152547	18545	148384-152281	148384-152281	4.759	12.436	0.384	4.759
99029c0f-e7f9-51f0-aaf8-b67f1800379b	132379	3107	0	0	0.0	13.288	1.000	0.0
0cd86ee5-baa9-5e60-8356-aaf1c7f79ab9	103098	12917	99386-102603,102645-103058	99386-102603,102645-103058	3.558	12.742	0.343	3.558
e5d5b689-2cab-53f9-b734-30a5b82d5e20	101525	64370	40-3699,94531-99647,100444-101047	40-3699,95639-99626	6.864	11.170	0.278	4.304
4921e9d8-478b-5d25-89ba-0fb627a709c7	117697	115379	0	0	0.0	12.674	0.411	0.0
65b652bf-09f5-5d12-84d7-18bcec957c28	139044	33410	74-1450	122-1450	24.281	13.814	0.475	13.167
548938cf-63be-5b68-9014-d3efb6d12fe5	126168	5366	44-1170	0	4.766	15.434	0.482	2.163
a5458840-ec07-54d8-bf09-e800aa1fe8a5	112820	427	0	0	0.0	14.897	1.000	0.0
9330fff5-6230-588f-876c-bc54dfff19ec	145728	12105	142972-145679	142972-144915	4.472	15.512	0.369	3.420
798827c1-d0a6-5610-abe2-ac03943e34cb	115909	52296	105-313,1077-6066,113018-114876	105-313,113018-114876	7.413	14.613	0.380	3.975
a25a4ca5-ca3b-567d-8a29-708575ef4383	121217	25607	116529-119532	0	8.527	15.580	1.000	0.000
c3e298c2-4f1e-5081-a406-9171e1a32372	119155	89610	270-6941,116515-117306	270-6941,116515-117306	12.009	16.252	0.266	10.252
5eb44430-ca28-5480-981d-f32a434ae9a0	215996	1223	0	0	0.0	12.319	0.568	0.0
afcc2d0c-0435-560b-a6ef-9980fb680b0a	151181	114443	138-13362,143119-149981	277-1240,143160-149981	5.698	14.838	0.317	3.583
b544e0a5-24a4-5ea4-b695-5ce6eaced2b2	131400	53271	36-2598,128217-131314	36-2598,128833-130003,130263-131027	9.414	12.484	0.327	5.643
3f487a26-322f-5d02-8fc8-eea7c4115b58	111730	8540	0	0	0.0	13.824	0.575	0.0
2b471984-151f-563e-882f-720f9262b6e5	115962	11509	0	0	0.0	14.655	0.385	0.0
61796732-0224-57d5-87bc-8af01c48d8eb	164373	17535	0	0	0.0	14.397	0.310	0.0
733dafc7-8b69-519f-9888-2cf1d4f0d1cd	106786	79185	97635-106763	97635-106763	8.675	13.850	0.236	8.675
66170c6e-2477-5757-a461-e8908cebc788	153448	84097	341-6721,150105-153420	346-6652,150123-152610,152718-153367	8.674	10.188	0.364	3.873
8b7dda34-4c37-53c4-8cb5-3e1ba420b6dd	125331	58308	117641-125313	121740-125307	7.600	15.214	0.342	3.094
2fe53fd3-1205-52c9-a291-76f022d5d13f	212432	11431	0	0	0.0	13.511	1.000	0.0
1879455b-18cf-598e-b1be-326c4548ab5b	107152	52544	120-2097,104136-107132	120-2031,104136-107132	10.566	13.109	0.366	6.144
599f22d7-b44a-5314-9b44-a0854a2c6693	142930	7569	0	0	0.0	13.568	1.000	0.0
8381245e-1f61-570d-8b47-6780eb7193d1	139903	6686	139647-139863	0	30.954	13.264	0.484	5.880
29562eac-6a11-549e-9ffb-337b398f1e50	128028	11880	589-2325	0	6.843	13.860	0.489	2.793
e6c37ed4-ad0e-5b31-b71e-ceba94856da2	101871	13431	100027-101565	0	8.733	15.026	1.000	0.000
ba91e068-931a-5e33-80ae-d3f974b16322	236797	43349	231015-236513	0	7.885	12.033	1.000	0.000
80ff6a2b-85e4-5ada-8a47-b07970b9fce7	103257	0	0	0	0.0	13.629	1.000	0.0
cfe7fe33-ab40-571d-9b6e-7a60f3ae9720	112204	18330	35-3433,110336-111113	38-1811	4.390	14.552	0.429	2.542
7e34d5bd-6107-5a3a-8461-6f61ec5a0ea2	140775	0	0	0	0.0	11.323	1.000	0.0
0a89a118-4514-5a1e-bbee-31811af704b0	116081	100752	86-2271,112722-116062	86-2271,112722-116062	18.236	14.318	0.312	15.190
bc50aaab-492c-5bcf-a168-13ccdcafc1ff	112346	25897	90-946	90-933	30.254	12.019	0.423	17.492
da8c1daf-fd72-5196-9708-0d25132a58a9	110503	80304	444-1161,103585-110315	444-1148,107631-110315	10.783	13.464	0.385	5.546
843acff0-da8b-540e-af28-3811774eb744	110187	18653	494-4137	494-4137	5.120	16.092	0.275	4.843
f7e0664f-389c-51e0-9a7d-6f3aa06ca083	104585	208169	0	0	0.0	14.716	0.291	0.0
3c2de176-67fe-545d-a49f-9e523fe609e8	119919	246719	1371-11450,118473-118938	0	23.399	16.145	0.384	22.327
944ff847-39b9-52cd-a808-4fc7cc9c5b0e	103288	58804	98474-102814	0	13.549	14.174	1.000	0.000
0c530c40-2c3e-539e-a0b7-a864c3ed07a0	110664	11212	0	0	0.0	16.206	0.339	0.0
42e8dd63-5661-5d3d-8bcb-5fa5128b1845	137901	42853	1091-5157,134983-137217	1091-5157,135249-136833	6.802	14.305	0.317	6.001
e2005058-bae8-52b0-a261-38e2b5bb8536	105354	42402	37-5118	37-4071	8.345	11.712	0.373	6.726
884d94a2-0deb-5ad2-b586-6d6219ad6e36	121527	14662	0	0	0.0	14.385	0.433	0.0
41d1676b-f853-5d5b-8cff-0e464f2210f3	186627	35260	40-3843	40-3843	9.272	12.376	0.338	8.838
b6086cf5-7a7a-5912-a3f7-ceadfd3ae550	107268	0	0	0	0.0	12.999	1.000	0.0
77b7af98-b449-531d-b50e-6bf17f1ebc40	121930	45037	115-3822	1608-3808	12.149	15.076	0.328	3.933
84fa8f6f-16c4-585c-a7b8-4c4e0ac1bbf5	207696	0	0	0	0.0	14.243	1.000	0.0
f0a55fa0-32f1-5155-be8e-840fa96e4058	156089	0	0	0	0.0	14.710	1.000	0.0
eb87d82f-1437-581b-87c6-d276bef55a9d	128425	54236	412-3701,126196-126816	412-3701	13.875	12.746	0.344	7.248
5159eff0-9627-5989-8c75-9b2e3e52b026	112613	232529	948-8559	0	30.552	12.937	0.332	29.240
4792db58-1584-56d0-90a0-80dd622db4e9	114062	221706	399-12379,111547-113786	111547-112638,112775-113786	15.592	11.990	0.435	0.582
d006d460-8e1e-5504-b6dc-cc77797a1a74	125351	18167	1311-3535,122506-124802	0	4.019	14.394	0.544	0.714
daa623c5-5519-5b78-b8b5-24dcacdd2ac9	103628	40304	476-1547,1809-6554	476-1547,1809-6329	6.930	15.005	0.309	3.958
b5627802-d84d-5bc0-9e9b-c27a814738aa	103184	17867	982-3236	0	7.927	13.859	0.452	2.306
5c346a59-9397-51fe-8834-679aa905f44f	146999	0	0	0	0.0	13.581	1.000	0.0
87364d41-0bd5-5ee3-9b27-892994f4c98e	107193	7142	0	0	0.0	11.584	1.000	0.0
fa90d9fb-811a-5de7-8241-5782effec15d	102094	10546	0	0	0.0	12.054	0.428	0.0
0205dbd2-b1ed-5bac-9b24-2b785245e98d	140493	186012	67-5668,136485-140287	67-5668,136485-140287	19.782	12.109	0.270	19.658
408c1e3c-9a4f-56ee-9475-6987203a3db6	100410	1134	0	0	0.0	10.733	1.000	0.0
8b15881e-7103-58d1-840e-60e35c807808	142013	26001	407-1736,138999-141784	675-1371,138999-141784	6.320	14.514	0.349	5.683
93b1d393-b31f-5460-b7b9-dc8bda202a33	155067	54359	150431-153888	150431-153830	15.724	13.306	0.400	9.268
4f199798-9ebd-516b-81d5-d599b0d4f12a	101481	117386	62-6644	62-5404	17.834	14.134	0.284	14.479
e4097a46-12c8-547c-a776-662ddfdc8057	117550	4035	116564-117346	0	5.160	13.650	0.611	1.302
e74a6f72-f387-5a84-b4c1-94718ff14228	112874	152330	108427-112815	108427-112815	34.715	14.562	0.292	31.281
d71141b8-90d7-5a3b-9750-587bf4950fe1	126455	38089	1630-5281	0	10.432	13.835	0.291	1.437
d055002b-77aa-551b-a025-a2df6d1afa60	242278	62000	48-4888	48-4872	12.810	14.582	0.379	7.616
6a1013e2-c1e2-55ba-a8c3-77f47f6ed487	121738	32324	234-3534,121202-121504	234-3534	8.974	13.196	0.401	8.225
a567e367-d23b-408e-b2d7-cfae9b427b2f	104948	76234	97198-104944	97198-104944	9.842	13.477	0.248	9.842
1d3ba8f8-5c47-5dcf-9611-8bba77091d9e	175226	33783	331-3021,172894-175207	172894-175207	6.753	17.559	0.438	1.840
70404ce5-d1f7-555a-89ae-f8f12e165bfd	123703	852	0	0	0.0	14.220	1.000	0.0
61720176-402e-5745-953b-67685e7e4c49	125239	48784	120178-125215	120178-125215	9.685	15.469	0.300	7.472
3bf224fa-0b0e-5a56-83e8-9fe9701452f2	157433	0	0	0	0.0	13.967	1.000	0.0
623bba5e-c0e6-5467-a000-651a446dfe18	113721	40634	684-1970,110928-113656	110949-113656	10.123	14.230	0.394	4.396
ae2a262c-266a-58fc-abe7-383f19fc0cb5	113130	28666	45-2060,111878-112726	419-2007,112377-112726	10.013	15.374	0.348	7.353
31268fae-e5ab-54c4-aa41-d7d3e9cda837	122856	21708	82-2780	82-2702	8.046	15.764	0.362	5.365
b6a58a0c-4bbb-5a40-b519-8835bbd54c16	231921	50232	35-6299	35-5840	8.019	13.400	0.361	6.614
604f268b-638f-5ab3-a4e3-dfd9ce7b69c7	105108	21374	100243-104735	0	4.758	13.530	0.505	2.069
11d37a00-7240-5639-8179-f48e4ba22b0b	212774	55037	981-5519,203434-211861	1318-3737,208374-211806	4.245	14.937	0.391	3.188
eccb10a9-6139-55d2-b5a1-27d6ef00e060	115699	6241	0	0	0.0	16.238	1.000	0.0
577e7076-0815-51cf-b161-133e7cebf074	102581	51910	94599-102555	94599-102555	6.525	16.154	0.216	5.730
1a2501f2-e73d-53e3-a63a-324bc18ce062	114255	42174	36-1966	36-1966	21.852	15.699	0.378	10.295
ebfb6058-9ab5-5845-bd87-456211c7203e	116838	31609	552-7803	1494-3541	4.359	16.283	0.360	3.079
0eabd2d8-5fbb-596a-9fb2-016c635583f9	106654	63040	327-5360,103054-104882,105876-106137	327-5360	8.851	13.711	0.355	7.101
2fd3a1d9-7cb8-599b-9878-1b501fea50f3	134483	10883	0	0	0.0	13.779	0.444	0.0
5399f7dd-7662-5424-b34c-b0bd3eb63ead	100786	3507	0	0	0.0	13.183	0.361	0.0
fb8f6297-1973-5acc-804a-6ac421e6c60e	109548	0	0	0	0.0	15.679	1.000	0.0
dcaa99d6-8895-560b-9b89-d6efb81fa236	105016	68656	97856-104428	97856-104428	10.447	13.388	0.261	8.204
b9325ab1-4861-5ead-8a22-366cd7136672	301043	50099	510-7283	510-7283	7.397	14.133	0.361	5.835
4e32fd14-ec9f-5d3f-8eb7-a2eae15e4a6f	186141	22362	215-2942	215-2942	8.200	10.368	0.374	6.969
a6661800-6557-52ba-a732-b624f74c59dd	156008	10757	155179-155259	155179-155259	134.463	10.475	0.410	134.463
9b8a5176-fe3a-583b-88f0-57f6b0ce7407	123266	20919	119647-122686	119719-122665	6.884	10.283	0.390	3.189
afde4910-dfd7-59ba-a5f8-c8979378222e	114927	51974	111871-114331	111871-114331	21.128	13.469	0.363	14.019
53689471-50b7-59e1-a182-249d0297a656	122635	5925	0	0	0.0	12.738	0.444	0.0
a383a8f3-857f-556c-9f78-01f40f94a787	192900	45817	187-5352	187-5322	8.871	16.475	0.417	5.745
a0b582a2-26fe-55ce-8aab-f518e0066953	122168	240870	1558-3545	1558-3545	121.223	14.859	0.347	121.223
8f7d7039-8e71-5d62-b4fd-98f3d01ee95e	100341	111214	126-7041	773-6343	16.083	14.384	0.430	3.394
fd92cb64-1df9-5ed6-be07-fc38fd5dadb5	102118	28251	94268-100963	0	4.220	13.316	1.000	0.000
35a3d695-aae5-5057-b90f-c2a3716c49e9	124676	209802	113770-124592	0	19.387	12.315	1.000	0.000
643ea540-f51d-51a6-b24f-d74c9f543dce	126518	65341	109859-124967	0	4.325	14.545	0.443	1.353
27cdfb78-0f8e-5e18-9263-b528d5e62964	129005	2462	0	0	0.0	13.900	0.374	0.0
c77f68bb-04a4-5a94-a43d-3b447daac2cd	205570	8662	0	0	0.0	14.227	1.000	0.0
0779e6b4-74c3-58da-a643-2c2a33a582da	117732	32594	773-4365	773-4295	9.074	13.426	0.317	7.195
a263a307-6560-5445-bee0-421f5fb49c79	116354	3523	0	0	0.0	14.637	0.503	0.0
42967c32-57bd-5803-9859-dbc647bd2020	121109	9678	0	0	0.0	9.981	0.364	0.0
91fe4a3a-9805-5ad8-ae83-323efd1338cc	275602	37295	270778-274769	0	9.345	13.460	0.582	1.892
f61baf8c-aab6-5da0-9f52-312c03911018	106323	26674	46-4434	122-1013	6.079	14.993	0.431	3.118
3222dd6f-a862-54cf-85d8-2bc68df826a2	110940	62733	414-601,602-795,883-4098,106125-110922	106125-110922	7.475	13.215	0.308	5.522
bfc20fda-6ec2-59cd-8550-c52581fbba0f	126671	0	0	0	0.0	13.929	1.000	0.0
fd0e5485-aefb-5947-a7d2-32698ed1e4d6	122068	7247	1211-2187,121347-122026	121347-122002	4.379	16.129	0.544	1.230
1b8ab0de-a4d7-5e56-8c60-86b812d7312a	114581	22119	887-4572	0	6.002	14.970	0.336	2.731
371ab34a-2028-5dc8-9ca4-f06299ecede2	129058	26926	706-4952	1372-4277	6.341	13.118	0.365	4.558
f99cd147-a015-5079-a6cd-9e85ab68bb70	106595	291309	1659-3586,99974-106551	101486-106551	34.256	13.399	0.273	31.374
1b47d1ff-616c-56c2-a21b-74c2ce0af855	148128	10295	144182-146260	0	4.954	12.835	0.599	0.949
0a50bf41-800e-5e88-9bf4-9b0c5eb57f64	136537	7412	260-1090	0	8.930	13.906	1.000	0.000
20e6b316-734c-56f0-ae58-9f08de0b989d	164152	32833	727-4303	727-4303	9.181	13.197	0.388	8.222
ca078f6d-297c-52c2-b4bb-43cfcbbcf880	110519	19700	107382-110492	0	6.334	12.713	0.322	4.172
d23431ac-e47a-5c9e-b8cf-f7190d047e11	158370	11195	0	0	0.0	14.849	0.559	0.0
4999cb66-6ab2-5526-93d5-55d1073babfe	104546	13307	102182-104369	0	6.085	11.440	1.000	0.000
9b77be49-e2a2-5b31-aade-ceced11d0db0	205835	87337	198102-205826	201267-205826	11.307	13.692	0.378	9.411
47d1ec2e-5c3c-583c-91ce-19379751d605	115663	7058	0	0	0.0	14.118	1.000	0.0
41689415-3cb1-5c6e-ba68-e3bfbf6f2b87	106525	10939	0	0	0.0	14.111	1.000	0.0
5d826dda-6c2a-5722-8d2d-b53195373b15	103415	22497	1515-4745	1515-4745	6.965	14.067	0.471	3.876
7e18cbf3-93ad-54e6-b4a8-2b8678586fa0	173506	37394	170464-173284	0	13.260	13.319	1.000	0.000
029fdbf0-2080-567b-b700-338eb2a3313f	100758	207763	1021-9272	0	25.180	14.649	0.349	24.062
16da456e-f428-5335-a30c-28d864dc26bc	138199	33429	62-2130	62-2130	16.165	12.203	0.370	7.025
134f98bb-a9c1-5133-966f-d6831a6f0992	127023	0	0	0	0.0	12.893	1.000	0.0
df20b7fa-6fac-5cb6-8ee2-9109eac42eed	154075	17142	212-648,1160-1893,153079-153882	0	8.693	12.966	0.400	4.515
e8bb2ba6-c02e-5097-9894-b18ffb6949e3	136585	244786	104-13178,134199-136181,136403-136458	134497-135247	16.199	12.309	0.406	0.328
edb379d4-fa8d-56f7-a73c-76f865277607	142821	307961	144-20445	0	15.170	15.905	0.536	0.508
9e1ca076-4715-5439-9b9b-927ae8c8f0f2	121551	544900	109-26242,110339-120261	110339-120261	15.113	13.772	0.334	2.604
d6bcf674-0e61-5af7-8587-028897bef7a3	175661	18681	0	0	0.0	12.139	0.419	0.0
26865a96-c5c2-5789-83bb-fcce24eacc08	152098	9414	0	0	0.0	13.256	1.000	0.0
0f4325f3-8134-5cf5-97ce-dff4afa419f7	101264	49164	96021-101030	96824-99708	9.815	9.991	0.415	3.886
e77d411b-0ca7-52d5-8019-bba51603a29e	220801	0	0	0	0.0	10.778	1.000	0.0
63c29989-e311-508c-b743-751c73c70403	125724	18314	1434-3818	1434-3818	7.682	13.520	0.453	7.682
e129bb58-5f8d-59b7-aa71-97016e840bcd	169637	18612	559-4034	559-4034	5.356	12.689	0.371	4.615
26b5f9e0-5f85-4efb-bd08-71cacf39ba04	109062	60981	54-8923,104684-107117	0	5.396	10.500	0.510	0.748
43207413-ffbd-5ea7-979d-ff4986aa3046	105990	57661	86-710,98420-105961	104566-105961	7.062	12.625	0.336	2.210
80b28b00-e85b-5845-ae30-578304193ab5	208310	28780	188-7831	0	3.766	13.579	0.603	0.480
d2705023-cc4e-5880-ae0e-6a1221eada7a	104820	26405	701-3844	1075-2761	8.401	12.838	0.459	2.166
b6d6139c-c10f-5240-a344-638c39eb52f3	102663	17392	325-1677	450-1673	12.864	13.881	0.506	2.907
53ba82b6-d91b-56ae-aef8-5802b67c1134	166927	7001	0	0	0.0	12.969	0.426	0.0
bfbde22a-81f2-5bfe-ba32-905a1bbf7f00	103870	39124	1844-3921,100419-103401,103697-103809	101296-102685	7.566	12.958	0.304	5.784
54f6db84-b258-5807-8f46-67c48bb2f5a8	126167	58069	92-2658	92-2653	22.630	14.011	0.430	11.754
0b27d074-746c-5d59-8026-8cc7d323d43f	100058	29477	175-1286,98299-100032	98299-100032	10.365	12.817	0.360	7.411
db1b08f8-04fc-53dc-adf9-7c53dd232bf0	152568	36093	730-4824,151372-152464	730-4415	6.960	14.449	0.381	5.039
7f151694-f783-5f4f-889f-eda5ba3ea450	140380	14200	1960-4402	0	5.815	14.721	0.331	4.787
ea4485c7-9ade-5450-8ce2-4670fddc6505	107120	64485	20-2941,105524-106385	33-2941,105535-106385	17.051	15.382	0.310	11.318
cb5e59a0-9ee0-537b-88ee-eea113edca63	129701	53564	167-9701	167-4205	5.618	14.052	0.359	3.790
3dd4dbbe-7c27-58fc-96d9-6f1ecf571829	107724	4508	0	0	0.0	13.452	0.413	0.0
4a973556-440c-5fd0-9be2-61e9e9e756cd	104957	32167	1356-6395	1489-6395	6.384	13.229	0.409	4.499
0fe28f34-74c7-59bb-b78d-62fbda58250a	121609	16222	0	0	0.0	13.170	1.000	0.0
f37e9008-3dff-550e-9bfd-3f1b949e9ca1	104771	170272	357-6683,97899-104763	357-6683,97899-104763	12.909	15.031	0.225	12.556
5edc50a3-b51c-57b2-b0e3-da9aee165c8f	103377	14578	100006-102229	101370-102156	6.558	13.642	0.422	3.276
17cb135d-7e90-562d-8f66-e775f4cf61d5	121078	14865	463-2570	463-2484	7.055	17.153	0.370	5.114
c7ebf0e3-deed-5c4b-9b27-ec9770ee214c	101685	56544	92639-101370	0	6.476	15.241	0.350	3.105
f795b7bc-7392-5dd1-a190-79b7e145ffa5	105460	12281	75-1521	75-1521	8.493	13.526	0.443	7.089
bd9a2c7a-5a80-5cd8-81ef-9c0235217d2b	119148	9834	0	0	0.0	14.020	0.314	0.0
87129978-81d6-5e4b-970b-1216c1c85d37	103091	7954	0	0	0.0	14.160	1.000	0.0
cd36dbd9-933e-5bc4-b2ac-17311cc95240	101442	42862	97280-101227	97280-100710	10.859	13.303	0.427	6.527
77d87043-222a-595d-8640-21b3eb819cf6	105576	9250	103864-104382	0	17.857	13.347	0.483	11.197
1367d0c6-fac4-59b6-8dae-dda96edbca0a	100782	25848	333-6035	0	4.533	13.672	1.000	0.000
7c2e75bb-26d3-5985-82b3-35dd40e48b33	100275	9151	0	0	0.0	11.474	1.000	0.0
aeb08c5d-7e2d-5b6f-b855-fe25b06dc03d	117982	13404	116894-117952	116894-117952	12.669	13.738	0.419	8.497
d07e7c7f-8e74-5014-965f-930657182fc6	123879	330	0	0	0.0	12.822	1.000	0.0
bfe4afeb-ee79-5e78-a8f1-36be0630fe95	165693	77616	57-10648,163933-165671	57-10648,163941-165671	6.295	11.388	0.349	5.989
82893be2-0e28-50f4-8ec2-01a1d8017eab	177941	15341	227-1266	227-1266	14.765	14.446	0.440	14.765
a8ae75a2-e6c3-599d-9e4b-08b83f23a332	107820	34930	104342-107789	0	10.133	12.622	1.000	0.000
28fca907-3e97-5052-9765-bd8cd20f1f25	170980	119064	160216-170956	0	11.086	14.664	0.394	1.672
ca92703a-bdc0-59a9-8f69-aed9d391aad3	106342	18572	1461-1466,105300-106136	1461-1466	22.083	13.858	0.444	18.043
d18c01f9-35b3-500f-a660-fece8423167f	119084	11245	116578-118244	116578-118244	6.750	13.198	0.386	4.327
2e791761-95a5-54cb-9096-cb28f71e89a5	152606	4527	0	0	0.0	14.560	0.478	0.0
3431807f-d71c-5450-89bb-8b7d7c8f8e8d	108951	188407	37-3081,101248-108823	37-3081,103846-108691	17.742	13.287	0.317	5.481
76c83c91-3c4a-550d-9076-08444b476abf	114266	18959	40-2859	40-493,1084-2859	6.725	14.240	0.261	5.863
c957539c-2f56-5c70-bd32-2f7cf0f9f305	113932	13620	1237-1605	0	37.011	12.625	1.000	0.000
02d19a8c-2516-5fd1-b8fb-93c28d246ae6	110376	29115	0	0	0.0	14.803	0.568	0.0
5cc46703-5ef4-55ee-87a8-5c1f039d91ee	106520	267227	1323-14704	0	19.971	14.175	0.378	7.739
4bf04fa2-1717-497d-9a5e-eb5ca6a92ab4	130756	0	0	0	0.0	12.123	1.000	0.0
8428203e-4648-5520-844d-6bd0caf23675	111701	73737	196-627,899-7116,108410-110970	1023-6006	8.008	13.017	0.312	2.988
8be84ebb-1a2e-48d5-9c9a-a768650262a4	106950	23192	221-3057	246-3057	8.178	12.059	0.374	6.306
dfc7626f-4438-5d49-a6f3-e07350c60eda	105231	23366	1834-3750,102309-105210	102309-105210	4.851	14.727	0.303	3.565
b04655b4-6a14-5b9b-8b5d-5a9d81349b4e	141206	29295	138691-141170	138691-141170	11.817	10.720	0.398	11.731
42073d01-5d0e-55ce-9eed-d1ddd0435743	123268	593	0	0	0.0	14.318	1.000	0.0
ae856833-33aa-5805-95ba-eb33044582d3	128578	68179	123232-128377	123515-127907	13.252	11.652	0.353	8.196
b12e5cb0-d2a3-5ace-88ab-11c070573fa7	104936	19660	89-3861	89-3861	5.212	15.027	0.364	4.621
9477fa24-ec92-5881-a9a5-97499e42285a	102663	48829	101-9479	801-2803	5.207	13.401	0.455	1.652
7470d7fb-d2da-5241-a726-fede975b7a27	116449	11401	0	0	0.0	14.388	1.000	0.0
2593f70a-87ce-559c-98e1-291a73eaa674	122621	17154	1941-5345	1941-5345	5.039	14.396	0.371	5.039
53906bbf-3435-5f4d-8401-3aaaf4d6e70e	124320	15473	122186-124288	122793-124200	7.361	14.666	0.373	3.391
620d6f31-f57f-56d3-b609-9b1cfdd81dd7	105775	42946	250-2731,102000-105024	348-2731	7.801	15.158	0.440	2.207
519350cc-c8d9-5a08-b489-b1d3979db65f	101811	10444	838-2830	0	5.243	15.878	0.332	2.125
51c3436d-eca3-5949-bd18-5a0a6f7e37a6	108091	6206	0	0	0.0	14.733	0.492	0.0
5a9c4cf0-0bed-5045-a8ea-85402973c271	101657	78074	59-8544	59-8544	9.201	13.635	0.222	9.087
eea02ae4-94a4-557b-8f69-156ac0ffecaa	170817	68672	47-2186,163832-170714	47-2186,163832-170714	7.612	14.086	0.322	5.726
9ddcf173-b0e2-5589-803f-022aa8e88e36	109403	11124	0	0	0.0	10.972	0.304	0.0
694514a6-ad21-5790-ac6f-9426de7fc899	123393	10350	1260-3749	0	4.158	14.390	0.477	3.158
c0057957-86fb-55ee-9903-cd038d9ed2a2	110252	492	0	0	0.0	11.827	0.477	0.0
82488507-d174-563e-a263-8d10bb982abd	101525	0	0	0	0.0	14.197	1.000	0.0
2c3db58c-ac89-59bf-ad3f-7a0489d8927e	108354	41166	105856-107839	105856-107839	20.759	15.064	0.228	13.268
2cf19c3f-4c12-56e8-b86a-9a4c662a2b41	171867	45423	42-322,511-2543,169249-171720	511-2073,170431-171254	9.497	16.271	0.313	5.309
e400168c-862f-566f-9113-633565a9b1a1	254631	33922	102-2680,253936-254607	253936-254607	10.441	15.724	0.384	5.660
6b1f9c0f-d373-5339-ae7f-9bd10e43e762	131546	20074	130297-131524	130297-131364	16.360	14.033	0.452	7.559
040c4c78-82d8-58cd-8a57-1e4e3e332459	138310	7924	0	0	0.0	14.034	1.000	0.0
6f141066-81a6-5555-8808-df9b38fd54d0	101858	100137	0	0	0.0	15.587	0.345	0.0
a7414631-a651-5be8-8258-d1a00be9c1c7	138931	43166	43-3133,135680-138405	43-3133,135680-138405	7.423	13.836	0.314	7.423
c8d0f748-c242-5715-8edb-c0939bf0e51b	164927	9010	0	0	0.0	13.832	0.410	0.0
ae25d822-865f-5bf0-a7c4-c162e1ec5645	127518	11578	137-945,1203-1475	248-768	10.720	16.091	0.479	3.053
474ba357-6c76-5e29-9fcc-2371c28b8da9	171352	993234	145650-171329	160666-171028	38.679	13.754	0.458	3.010
fdf4f7b5-86d7-5745-af91-3781cd5f6317	113632	5106	0	0	0.0	13.247	1.000	0.0
069ff8e0-0d2a-45ae-9524-6af596f32485	103412	46475	1201-4166,102251-103348	1201-4166	11.441	13.516	0.254	9.706
8dc04743-73cb-59fb-a76e-67e14dfd16dd	118480	28765	111287-116649	0	5.365	14.959	0.322	0.574
e998fed1-4bb6-5001-bf11-bc2e57fdbff1	216639	9978	0	0	0.0	13.478	0.662	0.0
3dfeb4cc-3d66-5dc0-bae6-e904c1a49a5a	290748	20291	513-755	0	83.847	14.360	1.000	0.000
62b85e37-a610-5350-abf4-87723c8b069e	167007	10917	132-1604	0	7.416	13.240	1.000	0.000
3d04e0f6-58f0-5026-816f-3ce8ea41c488	161789	44556	972-3092,158909-161306	0	9.864	14.797	0.563	1.163
7c52f7f2-76be-5921-8246-1d5952cdc2a6	176272	25932	1619-3217	1619-3217	16.228	14.718	0.275	9.796
80fe22b8-3934-5751-ac7b-4157afe35904	105487	1927	0	0	0.0	15.320	0.575	0.0
1b9034fc-204f-5ac8-8003-a57c67b46da8	226033	62643	215459-226005	223921-226005	5.940	12.677	0.327	3.247
5d3ea411-faf6-5ec7-870d-309436c1b977	135485	2299	0	0	0.0	15.879	0.591	0.0
09609fa4-724e-5d9e-a781-398f1f074baf	130933	22695	1567-3974	1630-2807	9.429	15.551	0.436	2.684
0db080ae-6478-5270-b0e8-76caacea6747	102107	21103	642-1223,1947-4128	0	7.640	12.379	0.343	3.755
58be261c-0229-5ae3-b0ba-127863f45fc5	113456	0	0	0	0.0	15.049	1.000	0.0
4ddaf590-2a5b-5877-ac41-7df1ba93c424	115712	8744	136-205,456-2509	0	4.121	12.080	0.494	2.432
3dc193ac-0748-509b-a82e-7e7c0ad11623	112623	10009	128-896	0	13.033	11.272	0.572	0.928
087a36ff-1db4-5afc-905b-d0d155b59e50	149682	123965	246-6618	246-6299	19.455	12.446	0.467	5.811
ece1ac2f-760d-5f3d-a92c-ea2d2ae37d9e	146299	4551	609-1081	0	9.642	12.410	0.474	2.172
e0defa98-2851-56ec-b194-dccaf7feab20	123722	16248	1286-4243	0	5.495	13.431	1.000	0.000
682cba5d-3821-542e-995c-3f0c2e805cb6	144510	38944	163-4065	757-4065	9.981	15.171	0.371	3.111
ed30a080-831b-59ce-a6a5-cc7ae74b51af	112538	6890	160-1007	160-1007	8.135	14.328	0.373	8.135
97ce338c-6331-58db-9ff9-8dae8c9cf661	127338	0	0	0	0.0	13.947	1.000	0.0
8593d66f-84cc-574e-a85c-75861408130c	158897	13595	155687-156967,157906-157953	155687-156967,157906-157953	10.245	14.929	0.365	10.245
89e5a443-0184-5600-8094-7c136f80d038	100071	39584	97419-100066	97419-100066	14.954	11.334	0.381	3.357
bdf3f9f5-1f0a-5c1c-9a47-15c38fa46c90	103425	12476	0	0	0.0	14.026	0.283	0.0
616aa292-1b75-58f1-a57f-bfff261118c1	107846	38953	104531-106099,106216-107840	0	12.203	14.544	0.424	2.805
c4f37743-c95a-5250-8342-2869ddd59c86	170508	118495	218-2386,161097-170423	167053-170417	10.309	14.425	0.356	5.752
10de432c-3ece-5cfc-8a0e-b2cbc32f2a02	100448	1242	0	0	0.0	15.658	1.000	0.0
5e1be27b-5bfd-5b75-8b3a-ab135449ee38	139616	24064	137941-138714	0	31.131	13.397	0.543	15.545
19768fa2-f98b-5f34-92fe-997cb82c437a	218398	27984	0	0	0.0	13.375	1.000	0.0
87abc883-009b-5b25-8241-3a69aa4b3b91	110230	88477	37-10699	37-10699	8.298	13.048	0.224	8.298
c1ad4c76-06bd-5764-9846-c3afd84e074a	164611	15838	63-2110	191-2110	7.737	14.216	0.393	6.772
1a2aac28-a62d-52d1-9a9f-ad7484a612ad	102217	28658	0	0	0.0	12.250	0.575	0.0
ed614bef-5c25-5633-9b2b-5d2ca12e1867	103739	22017	737-1929	0	18.471	13.976	0.349	8.336
5f70c9e1-af17-59d4-be6f-d4f848593e87	157804	2513	0	0	0.0	13.558	0.434	0.0
efe5fff3-ddfe-56d0-a76e-701b369aa260	161716	9976	183-2761	0	3.870	13.935	0.382	1.423
50e1762a-e156-549f-944e-b24f845a44fe	102013	23101	0	0	0.0	15.635	1.000	0.0
ecd5c8f8-9692-5820-8702-fa245912609d	127996	37336	121008-126443	0	6.870	15.182	0.398	0.298
2ac742ae-220e-5a15-8731-c3341bab4f97	135610	28172	0	0	0.0	12.907	1.000	0.0
64b0b466-4b74-53d4-8544-289f7698fe03	115913	56174	1553-9385	0	7.172	14.076	1.000	0.000
d5d1f10d-9fa4-5d0c-bbc2-6baa811363b2	238831	12285	0	0	0.0	13.746	0.589	0.0
5fd04515-658f-5332-b790-a5d5dbbcd944	208199	0	0	0	0.0	10.111	1.000	0.0
715d843f-d41f-5ad4-b26a-03298ee6e198	273945	10430	633-1825	633-1825	8.750	13.592	0.430	7.891
4af8837d-dae2-5860-968e-912ceeaa2d3e	121617	20837	39-3220	589-3220	6.550	14.815	0.369	2.975
8a471447-d6f6-5b04-93d2-0f8bf9bde197	108048	13621	735-1427,107215-108039	735-1427,107215-108039	8.985	11.597	0.320	8.985
cb85548b-05b6-59ec-b332-3d8ea8b23731	112841	5466	227-1555	0	4.116	15.352	1.000	0.000
7511f71e-1966-5684-abc1-32560b404e0d	104967	68146	112-4361	112-4129	16.038	12.023	0.265	11.971
fe7e0b57-590b-5658-98ab-693192b9e4e0	140339	7785	0	0	0.0	12.888	0.469	0.0
987dba8f-4b5b-4214-9c07-9ee7dfcd8b14	125914	4130	125096-125787	0	5.977	12.044	0.394	4.975
670c6e23-9b6d-582b-917e-64e24a1fffd6	113933	15845	0	0	0.0	11.203	1.000	0.0
218df78e-a190-40a3-89ce-bc9fcd4eb1db	103990	11345	0	0	0.0	12.386	0.347	0.0
51c94621-f2cd-563c-a625-1996b867a9dd	161977	9497	159498-160522	0	9.274	14.756	0.439	3.358
f61d7fad-6cf9-504f-bd36-db44ae8f91e5	161832	17851	0	0	0.0	12.872	1.000	0.0
291e1ddf-05a3-560d-99d1-95f91d7a8787	107188	28890	306-1939,104018-106566,106566-106976	403-594,104505-106550,106566-106976	6.293	14.367	0.379	2.716
1547ebc2-f27e-5a34-af3e-c2e8e4ab1496	137959	12295	180-1917	180-1591	7.078	11.645	0.521	6.545
d4673e3f-9a46-5945-b5e8-754541570d77	102968	9170	204-740	0	17.108	13.062	0.430	12.996
66983b1e-2cfc-5f02-8181-eefbcb7fda1f	168361	0	0	0	0.0	14.363	1.000	0.0
a88b00ae-cc53-5c93-9d05-4b4aece3f0e9	140103	228787	475-5074,128675-140085	904-5074,128675-140085	14.291	12.210	0.231	13.995
e5f0d67e-d805-57dc-94bb-9dee9dfc3ea8	126931	0	0	0	0.0	13.776	1.000	0.0
50591f40-d703-57a4-a76d-671b0771ed8f	123060	31307	1008-2444,118688-123035	120737-122736	5.414	15.291	0.390	2.416
c8795985-4bba-50c5-ae33-9da3bf058f70	106588	38754	43-5352	43-5352	7.300	9.850	0.308	7.300
f4326370-52c3-5a01-8309-f663e8ca0b40	166359	30856	164320-166329	164330-166329	15.359	10.934	0.481	5.420
82a9ffa5-aceb-5d0f-98cd-dfa2787a3cd1	208091	6710	0	0	0.0	13.674	1.000	0.0
93730315-4a8d-5584-b123-4bda07050e4e	115399	13411	112970-114962	112970-114118	6.732	14.689	0.324	4.654
24b9dcd7-4180-5e0f-b059-23302b508d25	156138	72008	82-2337,150577-155808	82-2328	9.619	15.562	0.416	4.812
ee985395-36b9-5e91-a905-211da03f3d3f	117829	0	0	0	0.0	12.522	1.000	0.0
c962f277-e148-5561-a787-f8cf8d34f1c0	126300	40594	131-2848,123468-125841	0	7.975	13.348	0.477	1.501
3ce85e0f-b3eb-5ce4-9bcf-490d5f088cec	131870	52871	125268-131619	125268-131243	8.325	13.848	0.338	4.353
0f779734-9962-5f8e-a3f0-6a2127330898	105774	33499	226-2275,99929-103905	1251-1552	5.560	11.846	0.396	1.465
5068e3e8-1e26-562e-81a4-d22eefc3375f	109575	7772	39-1815	39-1815	4.376	15.519	0.374	4.376
2c192149-f937-5acc-984f-96eeb74b743a	157999	21879	157476-157958	157476-157958	45.392	14.454	0.501	6.832
68a35fe5-ce9c-5e1f-a31b-7f15110a88cf	134984	4547	0	0	0.0	15.804	0.514	0.0
9a81a7a2-890c-55fe-83d7-ec18f9362f56	142808	67536	54-7388,138087-142278	121-7388,138087-142278	5.860	12.260	0.333	5.368
f5d88d71-6fda-53f4-9c60-65192475b0a2	104859	0	0	0	0.0	12.689	1.000	0.0
949a1956-71b6-5c3c-a79c-49cffd7d1291	101487	0	0	0	0.0	14.193	1.000	0.0
451acc17-8cd0-5e67-a807-5a45ad5e3df1	123932	21143	39-2387	39-2387	9.005	15.385	0.378	8.229
1cfed400-f0e5-5191-aebd-a44739e1d7c7	162418	0	0	0	0.0	14.136	1.000	0.0
8a2653c7-6dec-50d7-b847-38ca643617f1	178712	40676	174303-177566	0	12.466	13.265	0.400	8.828
62caa252-93c9-5695-8bca-d9854e798ad8	139651	0	0	0	0.0	15.795	1.000	0.0
26d2164b-fb08-4a0c-8a96-bf4ef6c5c76d	105648	55595	99552-104595	102044-104097	11.024	11.914	0.487	2.056
709350e8-8be6-58ac-a4ad-893a83394d99	113947	0	0	0	0.0	14.762	1.000	0.0
573b1e3c-4c50-59c2-bb64-a1da7d409ee2	130291	10567	127251-128955,129189-130027	127251-128955,129492-130027	4.157	14.940	0.444	3.371
d1a3b96c-e9a6-5d7d-a767-6934f66e4d4d	100499	70632	95281-99799	95281-99799	15.633	15.026	0.327	14.227
a12797c2-b904-57d1-90ca-1903b372e3be	147248	57017	153-4753	180-4753	12.395	16.098	0.296	10.428
8a3f0969-468e-5f93-ae52-3d703ebcb568	110077	82470	73-7046,104310-110064	73-995,108373-110064	6.480	15.602	0.365	2.137
a23f6b73-6672-53f6-a943-1a246ac71672	131398	20513	128383-131145	0	7.427	15.907	1.000	0.000
85a89ca1-e4ce-5042-9a50-711216d66498	100431	145599	136-9550	136-9550	15.466	10.335	0.252	12.646
631817e6-7d16-55e3-a761-f7fe6e15c689	131206	73029	59-4953	59-4878	14.922	11.344	0.341	11.756
1988acb1-05dc-535b-b27b-e58b2e23c4c4	101506	340560	37-12968,91715-101239	37-12968,97939-101226	15.166	12.553	0.260	13.115
355ba14f-4696-52ee-bf3c-10315d7d90cc	131145	21419	128654-131125	129586-131125	8.668	14.079	0.416	3.192
fe7d655d-8b24-5470-ac66-a46b7504eecc	136941	32823	1120-3283	1120-3280	15.175	14.890	0.416	6.306
9ae1a96d-98c2-5bcd-83da-e6755a7cbd2b	107472	13645	104109-106685	0	5.297	10.608	1.000	0.000
78a2d5c8-081a-51c5-b651-b01836f9c05b	100407	46102	52-5552	52-2927	8.382	11.022	0.400	3.192
0754314c-86f7-5b04-b28f-4d454c69ffb3	109594	726745	218-28827,99940-109551	0	19.015	12.828	0.347	5.646
203dfbf4-8f55-5f75-be9a-40dbb13a2265	103806	0	0	0	0.0	13.751	1.000	0.0
cebd24c5-7d09-5c82-9ae1-1a3dbbe66af0	198254	12232	0	0	0.0	12.045	0.661	0.0
0c880449-c884-58f4-8fa5-a31bb7accbe5	127037	0	0	0	0.0	14.650	1.000	0.0
c54e537c-7443-532b-9abe-b4671865bffc	143245	0	0	0	0.0	14.604	1.000	0.0
735be4a7-908c-5b8d-8f3f-0ea52502eadc	169762	69351	335-1037,1603-6132	0	13.258	11.234	0.374	2.117
23331677-f9ac-5bb6-a2df-fc7a0c198346	120526	44709	76-152,292-4917,119902-120468	419-1644,119944-120468	8.489	16.290	0.387	3.308
32ebaa08-f909-578a-89ae-cdb2f3f94cdf	104918	0	0	0	0.0	13.511	1.000	0.0
b9463fa1-be59-5a2b-ad62-8851b4d06d75	119020	15317	116361-118481	116577-117754	7.225	12.460	0.452	2.683
4cd2f8fc-28b7-5a55-b63d-551016357682	115806	4329	97-1081	97-1081	4.399	11.537	0.438	4.399
49aefaec-7df1-516a-a059-15791b6e9172	106020	20783	101984-105189,105624-105831	0	6.091	12.886	0.526	0.185
e16f6037-4aae-516f-8596-bce0fbc597b5	104091	1016	0	0	0.0	16.242	0.484	0.0
2529ead4-ae88-5155-939e-b40ab4ddea88	231293	0	0	0	0.0	14.869	1.000	0.0
38ed8ae8-3529-4dc5-9456-84002fdd756e	101274	0	0	0	0.0	12.813	1.000	0.0
6460f0b4-18c9-55b9-a9cd-eb1829c6bea0	133238	183363	49-9523	0	19.354	11.093	1.000	0.000
69a8f075-fe0a-510b-834a-a90ebf4eaaf1	125513	27662	121789-123626	0	15.058	13.611	0.290	13.906
98bd80d8-a2b7-5c94-b5de-75541be081ef	205183	38944	299-2135,201102-203550	299-1863	9.091	13.269	0.436	4.085
9b2399b3-b0a1-5084-b12c-dc49420a658a	104957	24687	0	0	0.0	14.126	0.582	0.0
b8da6ba8-e4f9-5987-b191-c6802fbbce92	103468	35796	43-4202	119-1546	8.607	12.023	0.472	2.698
6c79f3fc-d3dc-5cec-8f47-6b43d192fb98	104162	2087	0	0	0.0	13.960	0.579	0.0
ebde2c66-f781-552c-bc5c-8bd0d9ce3923	117137	53120	163-805,960-3404,112452-116906	1027-2972	7.045	10.565	0.373	1.362
42b4ccd2-22e9-545b-992b-28c1db106277	142602	73861	136328-142597	140894-142542	11.782	11.282	0.297	4.386
f0dfdbc3-51b9-50c3-8539-6862e53e1fc9	194414	18887	0	0	0.0	10.147	0.291	0.0
01afe16c-b7ca-554e-8f30-7b5351461512	197748	91078	81-3908	81-3908	23.799	10.937	0.395	20.810
a1fb6615-f32a-5fe8-b3ba-e42cef20cdc5	115451	14986	0	0	0.0	10.461	1.000	0.0
fdbfb40d-8736-5fa6-a696-f8a04ea3ea99	125237	50752	114975-123934	120383-123934	5.665	12.841	0.406	3.224
05b95647-4de5-59ce-89fd-e7ce6eb99be4	213182	54480	114-8952	114-7905	6.164	14.443	0.366	4.813
bb5883fe-8348-5d5b-9666-e9ba8eee5c6a	186210	226288	618-9180,184310-184369	618-2522	26.248	15.391	0.366	23.825
c6de005c-9e7e-5a55-a36c-e4b0b13657a9	126660	4051	0	0	0.0	14.286	0.618	0.0
0d353e36-7fa4-55b7-ad0b-436913005550	129115	11887	315-1898	315-1664	7.509	13.930	0.402	6.502
57bdc528-1673-521e-8f10-70864eea6d81	110738	58911	101-1006,107637-110709	101-1000,107867-110709	14.813	17.392	0.334	8.928
a73a5cb0-26b9-5072-9820-ee08f5139cc0	188447	95260	455-9956	0	10.026	12.878	1.000	0.000
4f837d36-0f8c-5c1c-acd8-ab19c5e377d8	109825	260746	98330-109647	98330-109647	23.040	11.473	0.368	19.872
4056c2d6-e37d-525a-888a-5db3136d1ec6	138688	21829	0	0	0.0	15.987	0.555	0.0
5d71b33d-b39a-5d38-b5de-0f40995a7512	126590	108511	117549-125808	117549-125808	13.139	13.144	0.290	11.996
0bf3995e-3d79-5dc5-bf4c-eb49a4215b2d	113919	0	0	0	0.0	11.871	1.000	0.0
b0849d90-5729-55fb-add0-b1736b27857f	141197	10096	0	0	0.0	15.569	1.000	0.0
7de31eaf-c350-53fe-a2df-be434c2a38b9	121966	12825	128-2137	128-2137	6.384	15.129	0.459	6.180
0bde5820-b9a1-52f2-856f-b1a7073f3c37	163660	39640	158243-163626	162732-163626	7.364	10.186	0.413	2.213
7e378822-85ee-557c-b12c-c8eed8c97089	107774	41722	22-2301,106403-107561	32-1931	12.139	15.795	0.318	3.374
d6ba7a80-d960-5b26-a327-6f97604c7aa4	201173	27863	91-2775,198442-200702	0	5.636	14.622	0.457	3.913
30f79d31-4480-5ad4-b1b3-2bea15716b32	121087	40350	116555-121076	118892-120131	8.925	15.613	0.436	1.653
63401bdf-72a1-5341-b710-dd10b79153e0	121913	5027	120815-121695	0	5.713	14.023	0.511	2.320
6006150f-3b21-520d-bb9c-48b624d39339	140076	23235	1682-3030,137288-139473	137288-139473	6.577	15.626	0.392	3.590
b3a0bde7-5ce2-5b4f-8b3c-76c246859636	140193	12448	138315-139735	0	8.766	15.200	0.357	6.622
7fdba1e5-5e6d-5545-a9a4-229b522f7afa	143676	30765	137899-142779	0	6.304	13.357	1.000	0.000
728232ba-42f5-5e97-9b82-e88cf94d972d	177451	0	0	0	0.0	10.088	1.000	0.0
d1a379fe-a6d5-5010-933d-7aa95672f588	121502	46485	702-5780	1025-5720	9.154	13.887	0.353	7.787
e64f367b-ecbd-577e-acf9-1360123d0838	108624	28250	61-438,861-4321	861-4321	7.363	13.191	0.396	4.670
757ef3dd-5799-55dd-8aea-e50d21d797ed	156037	0	0	0	0.0	14.832	1.000	0.0
1f776120-cd1f-5975-8bff-d7adfc23e8a3	134310	30200	118-2444	0	12.984	15.723	0.610	0.996
5b02cc32-d82d-509b-ba21-b1d1b8ad2cd5	176642	48947	283-2499,170344-174796	283-2499,171305-174796	7.341	14.887	0.310	6.302
d8764c03-0c1f-5e6c-a976-6fef0adc9376	102816	20056	100055-102384	100739-102384	8.611	14.135	0.473	3.833
04dae559-efbe-535e-947a-686c25c605b9	100475	13429	0	0	0.0	17.364	0.456	0.0
08505b16-223e-50da-bbe0-c79d53057d36	101330	25197	427-3069	427-2997	9.537	14.608	0.393	5.876
f5f63723-f05e-5590-9745-817c85e903fe	115938	173147	113-4897	0	36.193	12.536	0.326	25.627
9f8aef5f-3bb9-5111-825d-7b9d6168e2fc	156995	18470	1762-4272	0	7.359	12.045	0.536	1.365
f38d2292-7d26-5558-95fe-5f684253b94b	162478	9804	861-1546	0	14.312	14.371	0.518	2.442
e2ea41ab-d0c1-5b30-ad56-3a698b26b2f2	167689	404636	118-5516,153836-167575	805-1028,1144-4184	21.144	11.285	0.406	1.037
7464736a-2e82-5f11-81f7-340ce5de6655	146197	2026554	76-50902,143853-146175	466-33001,143853-146175	38.130	10.287	0.393	3.629
121940b5-4887-5b48-9a72-7f18e68b71c7	129642	286308	78-11115,119027-129581	98-11115,119027-129581	13.261	15.383	0.031	12.744
e1ff2063-de79-5b07-9ac5-eb55c915c382	129104	68004	1849-6715,126253-129068	126253-129068	8.854	15.349	0.330	6.409
460588bc-5477-538d-a1ff-3816b1564d09	117506	635827	1382-6079,93299-117350	0	22.117	14.785	0.338	8.097
9602f028-20a2-5f73-b0c4-f762558f75a0	109566	137863	226-11555,103638-109332	1567-6077,105956-109325	8.099	11.388	0.312	5.042
91f25d39-1835-5036-bab2-40cdd9bae11a	168701	97555	1894-4467,162155-168608	1894-4467,164053-168608	10.808	14.888	0.361	4.661
2d24250c-5998-5617-89d9-0740d8882eb2	154011	12684	0	0	0.0	16.067	0.438	0.0
302c5f20-fd5e-5e43-992f-3f8a7b676518	155695	132996	70-3392,148578-155685	70-3385,152262-155685	12.753	16.912	0.305	4.258
fc3c4a2b-015b-5018-b5c2-12bc286a135c	166368	45039	161365-166358	161365-166358	9.020	14.972	0.364	9.020
2f1bd320-33cd-5429-bd12-5e330a261cb9	181218	0	0	0	0.0	12.627	1.000	0.0
c1b969cc-63f1-500d-8472-2d718dbdf5d1	177432	264427	315-11666	360-8452	23.295	12.179	0.512	3.761
822258e7-18d2-5760-a5cc-956724efec13	102085	24151	0	0	0.0	12.179	0.230	0.0
449a7638-71c9-5077-bcee-77aa12b8fd52	145359	67854	37-1385,136970-144275	37-1385	7.842	12.778	0.428	0.910
374a6fb7-dcbb-54c6-bbf0-ecda056da213	113281	10373	893-3395	0	4.146	11.607	1.000	0.000
4ceb45f7-832f-5b6a-9b80-98047510af32	262089	56379	388-6240	507-5889	9.634	12.680	0.497	8.344
8b7cce1b-bee7-59eb-b0c2-b37508d42038	120758	32017	895-4484,116808-119603	118092-119362	5.015	15.316	0.472	1.932
1928e3c1-100f-51ed-95c4-56fceefba762	107023	13007	0	0	0.0	12.044	1.000	0.0
9d351125-e162-5fdf-aecb-7b54ff236a0b	101865	10780	0	0	0.0	13.343	0.472	0.0
bd21f311-bf66-54f9-949c-30976ad3458a	135416	9774	0	0	0.0	13.914	1.000	0.0
36293ff5-66ed-5e34-876e-2c668476f176	105455	6149	0	0	0.0	10.635	0.422	0.0
9fc62d13-5f72-550d-8465-bdb49715e26e	109205	30335	915-5966	915-4989	6.006	12.194	0.439	3.093
aa6fc923-d081-5f34-b65a-e6237394f5a7	167020	23441	46-3221	46-3221	7.383	14.681	0.346	4.643
6145002d-56b6-5f2d-9ab7-d65df12e41c6	137473	68574	533-3399,130487-136807	580-3108,134830-136807	7.465	14.508	0.341	3.056
954ddf8c-4dad-51ff-8b6f-42469a5341da	189531	134570	1806-20040	0	7.380	12.635	1.000	0.000
c03e1588-8b78-5fb0-82bc-fda1f1087f47	116253	17488	113301-115626	0	7.522	11.484	0.352	2.474
bba9a445-1243-55ae-a3ca-0c21abc2c4fc	131241	775	0	0	0.0	11.250	1.000	0.0
c9c0d23c-89d0-5902-96ea-663b1684c056	102093	15478	0	0	0.0	12.802	0.357	0.0
01bbbab3-5746-55e5-bb1d-a8edf7b7b080	110023	26696	105809-109970	105809-108290,109741-109970	6.416	11.251	0.338	3.978
c736f67b-11fc-5d55-a700-6a352446b034	124477	107954	118165-124170	118177-124170	17.977	12.401	0.308	14.911
0ce66f78-014d-43e6-a55d-9cdf7838843a	127942	118731	171-11494,126820-127780	0	9.666	11.608	0.550	0.259
e7114e35-eba0-54b5-a568-1e593059464e	107867	74465	176-6805	827-3502	11.233	14.747	0.330	6.170
46a6a75c-4285-5137-adb3-48e62d8ed705	119729	52669	57-2442	57-2442	22.083	14.296	0.405	19.068
67fa2a01-fb8f-5d0a-a538-03d39685e94f	132668	20874	128365-131261	0	7.208	12.355	0.494	3.519
50df26d2-2bd3-56a3-815e-7a02a48fe714	126502	20742	125291-126497	125344-126497	17.199	14.182	0.478	6.211
5b6d7c38-9b25-53d8-b399-ac06ffd4b84d	185776	13196	380-732,1209-4250	0	3.889	14.837	1.000	0.000
561e8368-3d2c-5437-8c6e-d84a8c9606e3	104094	3352	0	0	0.0	13.234	1.000	0.0
25b5ec7b-38ab-46e8-89bd-60af9bd24012	111900	4961	0	0	0.0	16.161	1.000	0.0
a12f761e-aee1-5ebf-b7f3-b0ac85002415	103508	28914	253-400,541-3473	0	9.391	13.487	0.380	2.359
3d764787-564b-52cf-878d-3d0b42312aa6	108427	10108	867-2720	0	5.455	13.533	0.443	0.977
32623b4d-74cc-5c10-91f3-00407e186fc3	101866	0	0	0	0.0	15.132	1.000	0.0
346e213e-3041-525e-a978-1dfcc8c43c9f	130449	28794	1420-6283	1420-6283	5.921	14.227	0.388	5.013
1e6e2aeb-b8a2-5df2-ad43-474ef367db8e	183466	52702	179639-181537	179639-181537	27.767	13.070	0.166	27.321
10357f2c-1d80-53a8-9aad-9859b1201d74	106696	125807	98966-106577	0	16.530	13.799	1.000	0.000
28dcb063-8aa4-5935-97a3-7aa0fef90d0d	117704	0	0	0	0.0	14.360	1.000	0.0
ccf290cd-482a-5aa8-9379-07379b2aef82	138904	43174	131-1313,1398-4433,136494-138886	131-1313,1398-4433,138057-138886	6.533	13.768	0.332	4.727
0679b27c-0f1a-5813-8b08-611fa76a269f	184847	76574	177168-184804	0	10.028	10.249	1.000	0.000
ff675dee-1947-5a7f-b818-7a925a7dda17	186865	0	0	0	0.0	13.670	1.000	0.0
e2288300-cd1e-5e2e-b2a0-0a4f14bc03d8	110604	37472	97842-108742	0	3.438	14.169	1.000	0.000
62ae0c1f-e7b6-5443-9fc5-a4fff6156121	107703	257392	289-4155,84355-107688	84355-107688	9.463	14.639	0.141	8.841
381fb8ad-c544-5be4-9618-264522adebb6	143899	16454	497-3964	0	4.746	14.963	1.000	0.000
b0db082d-3d9c-5cef-bddf-3414b35f0234	148862	42138	138444-147239	140220-147031	4.791	15.635	0.461	2.790
e1e9368d-9d71-5cfa-b18e-05dc81e64a2f	142749	61271	146-1553,135194-141518,141530-142641	146-1553,135194-141497,141530-142077	6.930	15.183	0.296	6.153
94804e11-7fbf-51a3-a716-9aedbde54f31	166639	48000	1100-3862,161707-166511	1151-2271,161707-166511	6.344	14.710	0.346	4.507
126046a1-9d10-5c56-aa42-313715da85c4	258333	2634	0	0	0.0	14.173	0.562	0.0
1e4f4d18-e2c6-506e-854c-e21fcf262e62	219011	9859	216646-219002	216646-219002	4.185	13.733	0.414	4.185
5122841e-c22b-5232-adb3-feaa30b9e086	100539	877	0	0	0.0	15.867	1.000	0.0
fde73572-6d3b-5036-bbc5-9276322bf48f	110218	114224	40-5269	40-5269	21.844	14.559	0.281	16.864
b29df3e2-0116-5874-831d-96196e72972f	132714	41361	128427-132690	128427-132690	9.702	15.274	0.287	5.841
891a2dbe-9d43-5be4-a5b7-b3d3935b5c3e	122972	29722	99-3340	0	9.171	14.875	0.206	5.297
d79995c4-6781-5c44-8a6e-ab185975be32	107317	24121	105593-107174	0	15.257	15.503	0.194	10.826
0ab49599-e801-5f3d-93e1-540ad23177c4	130172	62581	124383-130158	124383-130158	10.837	12.913	0.336	9.219
dd8548b1-7c6c-507e-a42e-e81c4344a3d6	192518	218920	372-2043	372-2043	131.011	14.678	0.369	118.754
c027de04-543a-5ce1-9f69-a37daef1f503	117644	164052	112999-116778	114263-116778	43.411	14.812	0.341	39.365
37a4e58e-5cad-513c-8fca-13f93631e594	120016	139821	38-2526,110082-119362	38-2526,110082-119362	11.881	14.545	0.301	8.217
6b6d0969-72bb-5d52-bf05-e7a8d5c3bcc5	162320	0	0	0	0.0	10.332	1.000	0.0
40345d01-2215-4ca4-8f06-96c75db2256e	102893	2090	0	0	0.0	12.663	0.482	0.0
18f44efe-bffe-57da-813d-ee728e059d96	153337	17873	151426-153194	0	10.109	14.736	1.000	0.000
a576fd39-66f9-5ad3-84cd-b57bc62bdf79	124672	44484	451-1963,116949-122729	451-1963,116949-122729	6.100	12.295	0.351	5.935
9546a7c5-25ea-5fdb-b5f3-09ea4fe12abe	188486	8882	186355-187736	0	6.432	13.266	0.437	1.615
0ec91604-57f6-5b32-bbf9-443e8b2b7303	190034	15184	0	0	0.0	13.847	0.290	0.0
c1cda23b-387e-43e5-be6d-ff45250d5257	108467	16100	104983-107343	0	6.822	14.402	0.552	0.951
2e85e856-f4e8-5048-8f95-2fb559fcc7d7	161474	22518	683-3114	683-3114	9.263	13.288	0.317	9.263
e7518770-294d-5ba4-b1ab-a5fc33bd550d	136184	65062	78-4063	78-4063	16.327	13.160	0.383	13.499
33925b51-f447-5073-bfe6-317386aa2f57	145394	0	0	0	0.0	13.326	1.000	0.0
47fc571c-62fb-5bdd-b78c-30460adca5d2	114498	12813	0	0	0.0	13.956	0.511	0.0
afe77d9f-78e7-50fc-8715-f2c091ccc305	124339	84210	445-3804,116074-123839	445-3804	7.570	13.483	0.204	2.172
a4672036-83b3-5ae7-8983-808f951460bf	115949	0	0	0	0.0	13.841	1.000	0.0
df1654ec-477a-52f7-8b53-d57217ad3ca4	175211	7879	172409-174192,174394-174521	0	4.125	11.808	0.615	0.416
b107b83d-9979-5a91-8ba7-37ba4cc1e4d5	102899	3588	0	0	0.0	14.264	0.345	0.0
a08f19f8-d0c4-5e3c-af2b-f013af43918b	109592	20109	188-1850	0	12.099	14.043	0.430	7.184
5d7a4167-a83d-5a13-a258-9564dec94022	135737	41500	302-6550,132308-135718	1004-2615,132308-135718	4.297	13.461	0.266	2.492
bd88361a-e61f-54a5-ac1c-6aa4773969d8	107746	116698	101-7525,105522-107736	105943-106932	12.108	14.262	0.409	2.033
1c451940-8861-5698-8cce-85d59fb094ac	111198	10781	0	0	0.0	14.349	1.000	0.0
00cbffd9-2b94-5e22-92da-d04ac419ce11	102787	69699	1237-4886	1341-3857	19.101	13.822	0.370	16.879
852709eb-006b-505a-880b-e559d58ffb24	103135	50730	74-2516	74-2516	20.774	14.582	0.322	19.888
4418efb1-176b-59e3-8bcb-7755bf80a309	147321	8409	0	0	0.0	14.419	1.000	0.0
a7d022ee-fd85-5721-8782-6ae2d5695525	106380	0	0	0	0.0	13.688	1.000	0.0
e0918d72-66b7-569e-baee-e293b4df705b	133600	40847	126584-133164	126584-133164	6.208	13.816	0.255	6.208
032a472a-deab-5767-b836-0867af189450	145086	31328	138098-144627	138098-144627	4.798	12.540	0.298	4.798
14ccbb49-1b0a-51d1-85c4-f5f3e3f0af1a	108539	133635	92389-108340	92389-108340	8.378	12.769	0.190	7.717
ebdfe731-85d8-5b16-9ca7-acb4c7dc229d	148296	15121	143175-146611	143175-146611	4.401	9.859	0.315	4.401
dc440320-8375-4926-aad6-fff2b3448469	106772	0	0	0	0.0	14.496	1.000	0.0
ec5c9e94-7503-4cab-87e7-f970b7a50cad	109928	0	0	0	0.0	14.217	1.000	0.0
ac8d58a6-dd66-5562-9e36-35a850c13516	102070	18744	583-4000	0	5.486	12.397	0.423	1.672
f4d238d2-2305-438a-98cb-290bbf0c17a0	155077	50276	527-9932	0	5.346	12.040	0.442	2.786
a38fb7ea-46b1-5744-97e7-6009c9f69faf	150754	72503	149-4368	0	17.185	14.339	0.556	1.838
23fa4be4-43a2-5066-8f10-3acd2d970122	160707	143928	147101-160491	0	10.749	15.370	0.241	2.271
16fa708c-c6c3-5db6-abe9-7d9e95f4a626	105848	19604	102962-105472	102962-105472	7.810	12.915	0.420	7.810
480bd3e6-9b6f-58a9-8614-19a1fdae0aae	175735	12758	0	0	0.0	13.559	0.625	0.0
aca6c15c-a9bf-5567-8f94-2c41ba3dfb56	149488	13773	0	0	0.0	16.252	0.319	0.0
b4d5a7af-0c35-5cb7-8852-5b3cf81a186f	147579	25010	144909-146381	0	16.990	12.965	1.000	0.000
7f284366-5bd1-5579-a335-2acf136c5f53	131080	34992	1488-4239	0	12.720	12.239	0.339	1.258
beeab7af-eac4-583e-b93a-1ce1073a9c6e	112280	40870	890-6309	890-6309	7.542	13.692	0.366	6.757
cc49075d-0e92-50ef-9b86-02d88fd84b6f	122744	50217	370-734,1548-4940,119134-122705	121865-122705	6.854	13.600	0.312	2.716
6b115640-9064-5ad6-8afd-58c863a02d78	218385	0	0	0	0.0	14.655	1.000	0.0
49d49a1d-b26f-54a6-b3ae-f559c558cbcb	128997	234952	327-11496	469-11000	21.036	13.560	0.519	5.408
a8600729-fc68-5d68-9faf-f84dec983db6	103355	43703	101087-103275	101212-103143	19.974	14.998	0.319	7.218
a41dbf1f-53b4-5f7a-ae1f-1c5548d8ae8f	115856	12344	113162-115588	113162-115588	5.088	16.605	0.390	4.110
fbac74d2-3291-5646-8ef3-0db839484005	130579	1466630	94350-130518	100609-129657	40.550	13.327	0.395	2.694
fb3f17c2-3cd8-51f3-8835-2c0914822696	103850	17615	101863-101898	0	503.286	13.316	1.000	0.000
871f1127-2c20-57a4-a624-76394dff9c6a	100836	28297	96633-100247	0	7.830	11.616	1.000	0.000
dd8ff9fc-8b1e-5ae6-95ef-3376ea009566	168148	10266	0	0	0.0	16.210	0.509	0.0
fcfed454-6831-5981-8a8d-d41fcffd6664	227922	0	0	0	0.0	12.845	1.000	0.0
17b1ced7-f8e5-5883-99fb-dedf7b577d04	105936	2441	0	0	0.0	15.198	0.479	0.0
e30e0ff4-28fe-5101-a7bd-b9ab3307edb5	113602	14622	865-2874	0	7.278	13.484	0.430	1.788
cda15a96-1558-5fa7-932a-d24b06ff67bb	131522	13870	0	0	0.0	13.395	1.000	0.0
bc74547c-9dec-599d-a8da-dca4921e5d21	120773	10815	1717-2701	0	10.991	13.795	0.416	3.711
183e682d-0087-5c59-b6bc-70318261dbaf	106729	210049	0	0	0.0	14.499	0.344	0.0
ab2419c0-d1a7-57a0-af25-810da0a9787f	141684	53468	239-4791	239-1131	11.746	13.298	0.354	5.288
2027c198-b54c-5381-b944-8ca1ec90f146	145549	18664	166-1817,144070-145411	1379-1817	6.238	15.702	0.375	3.952
7b905c35-a977-5a32-b86f-20270d6dde60	106037	3202	0	0	0.0	13.544	0.542	0.0
24b1d653-4757-5b8c-af33-767f90715f95	130785	0	0	0	0.0	14.972	1.000	0.0
eaf710d5-d4d3-579a-9052-e28f8ef5cb71	153958	28463	188-5686	478-5686	5.177	12.656	0.355	4.674
ce4c3bc7-07cb-56ae-8b98-b64dd3f4d46c	140091	34353	132367-138665	132367-138665	5.455	13.379	0.356	5.455
720eab26-499e-53e7-b8f7-72f710ada21f	194996	0	0	0	0.0	14.689	1.000	0.0
93e795a5-bbc7-523e-a404-225acaef06bb	171264	37993	222-9847	222-9847	3.947	12.889	0.284	3.712
73bfa22b-77d4-5327-a145-c1f433a781f9	115494	65509	911-8009,108419-114782	0	4.867	14.496	0.572	0.473
049b21fc-ebc1-583e-8d90-8d3116854f97	110181	45077	0	0	0.0	14.361	0.576	0.0
39c5c303-9d81-56fa-aab8-98d646e12300	134926	14839	133893-134788	133893-134542	16.580	14.759	0.427	14.280
907a4d46-8145-564f-b327-9ec082a3e84c	117335	13106	114950-117233	114950-117233	5.741	13.728	0.352	5.741
20a7a97d-c17e-5414-a83b-778b4394d1e7	120216	161	0	0	0.0	15.949	1.000	0.0
0ae89dc7-0b27-5998-862d-a2d06fad3786	106930	36631	101572-106015	101825-105694	8.245	13.954	0.425	5.088
7c45f01e-512f-561e-8ab0-885371ec36f1	104034	61961	38-7378,101235-103996	46-7378,101235-103996	6.134	13.500	0.301	5.694
8aaf5408-51a9-50e0-b4b1-4572cc1e6e0d	157941	103651	211-674,828-10521	0	10.206	13.510	0.566	0.941
d350a431-d1d6-5e62-950e-c70c29cbc180	139874	9782	0	0	0.0	14.304	1.000	0.0
44c25f7b-5512-5018-b641-405183b68e5c	109870	30338	89-1682,107185-109464	107185-109464	7.835	13.387	0.307	4.858
54f4b9e2-cadd-5f57-addf-512834e1e602	189410	46532	65-3694	65-3651	12.822	13.178	0.302	7.890
1c3edb8e-49a2-5913-8819-5bb47e0f8065	122821	2159	0	0	0.0	11.541	0.460	0.0
ebeba3be-8873-5d70-9cbb-7a08814a9443	123435	3518	0	0	0.0	15.497	0.545	0.0
83c696dc-1c45-5e50-81ec-b8c2ef4d2368	160391	85286	560-7740	560-4886	11.878	13.218	0.355	9.730
ad741609-4f66-5a70-9de9-4e717f53b41d	124321	21233	122665-124254	0	13.362	13.820	0.449	2.228
0e3fc12f-46bb-5ea2-9b79-856d10b994da	101884	28065	98136-101870	98136-101870	7.516	15.440	0.310	4.942
8a64d549-8cdc-5c05-aff9-a616a4d626e9	244580	9090	1802-2388,243607-244153	1802-2388,243607-244153	8.030	15.790	0.418	8.030
65146d6d-da8c-5cfe-833b-9c2c59e8f6d2	110039	109199	0	0	0.0	13.557	0.430	0.0
939173b1-eafd-5569-8c20-5ed1e207a46a	115640	10899	113253-113949	0	15.659	12.515	1.000	0.000
68e14929-6a5c-5ab1-a755-864d94b5a220	127901	20243	125094-127271	126084-126805	9.299	10.170	0.467	2.402
5b979cc5-ab32-5368-ab69-ae934c30784e	111883	18562	110014-110477,110826-111610	0	14.885	13.349	0.481	10.119
f4c57e8d-045a-5fd8-850f-f8294c61d47f	116974	15437	0	0	0.0	11.517	1.000	0.0
34c0c430-525d-5ae4-8e6e-931b1878e1c0	106457	2695	0	0	0.0	13.562	1.000	0.0
f1fc2d34-5a36-5b15-9310-0d85e5445897	198647	135561	1982-2486,187455-198319	190964-198319	11.925	12.942	0.366	7.284
45452eaa-ffb5-5df6-bd3a-086c82a0bf59	109695	36339	102029-109608	107924-109608	4.795	14.630	0.337	1.537
eb8f281f-c7ca-5c78-a95b-3a54a165abd7	168941	370701	307-26345	0	14.237	12.320	0.384	6.441
53324da3-d99a-5db7-b866-4d9712625cf5	146020	73306	140-1812,140621-145661	140-1812,140621-145661	10.922	11.911	0.317	9.304
5a6956a6-e232-53fc-9ed2-18256801b41c	173618	50427	166594-173599	166594-173599	7.199	14.547	0.293	7.199
11a9fea4-c3ce-5794-941d-e6e6be2ac102	226949	11547	225159-226672	225159-226672	7.632	14.393	0.518	6.665
3f2fbdfc-b9b3-4136-b0b0-8035f6fb4f3e	122878	4573610	139-122812	268-122517	37.283	10.159	0.209	6.489
e2f939ac-743e-5d4d-9f27-71cb826e53b2	189965	3005	0	0	0.0	16.008	1.000	0.0
49d49a95-8c42-5c9f-b272-2c887e03dde9	187411	0	0	0	0.0	15.363	1.000	0.0
003c8e77-3007-57a0-8ba1-36258a838297	290768	18990	0	0	0.0	13.426	0.610	0.0
6bd41ea1-b26a-5484-90a1-6abfd2e1fb37	124022	47614	116495-123834	122200-123716	6.488	14.012	0.390	3.840
74543478-5afa-5a8d-817c-123bc9bff700	104163	18550	102526-104133	102536-104133	11.543	16.632	0.432	10.591
162aa62a-c0fa-5d98-98bb-d70832085580	139496	39947	37-3288	66-3288	12.288	14.285	0.450	6.073
b21a0bde-660e-51f1-bc63-c574aadf90da	119739	13503	118989-119737	118989-119737	18.052	13.725	0.289	11.750
2ef5870d-450b-58f2-bd59-753e4f459a4e	105672	4388	0	0	0.0	15.479	0.325	0.0
d5b1bc30-11b1-5e6f-b496-09ddfc053daa	165774	37802	382-6524	399-2480	6.155	15.154	0.471	2.104
601c09c6-a8f5-5f7f-b3c9-98acd8dd3247	122590	485010	33-10208,106195-122452	33-10208,113811-121751	18.349	14.332	0.228	3.705
838e654a-4452-5e17-bf40-202d3b78f528	104480	57802	98483-103801	98530-103801	10.869	13.920	0.347	7.940
8a79f306-e39f-5610-a70b-30d56a94c8b2	113128	32177	676-7225	1980-7225	4.913	15.515	0.399	3.972
def91fc9-08a4-5a2e-b33d-d0375e71dcb1	106250	11817	62-588,705-1163,105179-105989	62-588,705-1163	6.587	14.900	0.293	4.914
071d5c9a-68d7-5c98-ad34-1a8096fde679	161478	6390	0	0	0.0	14.276	1.000	0.0
e7de9532-8fa8-5bc6-a3a8-6c69e6a0da53	112073	70834	292-8307	0	8.838	15.212	0.483	0.299
196c8d08-784b-5006-a50c-cad18bc80cd3	133449	0	0	0	0.0	12.847	1.000	0.0
4f4d2648-c989-5221-8dbc-a6444bd6f9f6	194436	36539	277-3528	0	11.239	13.669	0.600	0.982
00eb82a1-b7bb-5182-908c-05d7b9609c65	137628	20035	506-924,134993-137085	0	7.982	11.723	0.302	4.495
e1632d87-c18d-5f24-a692-94d228605e6c	180267	87546	176-8738	198-8738	10.225	15.131	0.403	7.011
82cfe917-00a7-5248-afcf-7795003dd789	170652	170833	160698-170634	160698-170634	17.193	13.182	0.279	15.270
08697d1e-2357-5248-8c0b-4ef0760400ea	144096	203652	65-8288,135976-144082	77-3791,135976-143982	12.472	14.419	0.282	8.465
410eac74-2fbd-5850-95de-62330974b5d2	176640	65229	1523-6445,174132-176218	1523-6445,174132-176144	9.308	13.773	0.335	8.681
6d93aade-7c82-568c-9630-ba9ceb8e7d5a	123390	0	0	0	0.0	12.440	1.000	0.0
a60b7c13-8284-5c2e-aff5-616145603c46	175575	133392	264-8792,169778-174978	169778-174978	9.717	14.021	0.394	2.822
5a82ec5a-8498-5baa-a23d-35b5ae560cb2	126111	0	0	0	0.0	14.266	1.000	0.0
cccfc373-4b22-56c6-b805-2253d30e45b0	100881	10813	575-2158	756-2140	6.831	14.602	0.511	3.054
6d57bee5-0bed-52fe-a5e5-e733c1e92d76	134063	0	0	0	0.0	14.693	1.000	0.0
8b7266ed-6a2d-57fb-acb3-b531844ba363	131232	72723	92-3590,128434-131184	92-3590,128434-131184	11.639	16.191	0.335	9.529
05d3b4f4-a968-5a8a-be1f-322f173235d9	141192	22749	825-4157	0	6.827	11.133	0.391	1.681
ccc1a143-93f5-5822-af74-3c37aa6f925f	208545	13374	0	0	0.0	13.635	0.486	0.0
815675d4-8995-5a7b-93d3-cf4995e4d958	119445	22452	376-3762	0	6.631	15.172	1.000	0.000
e8902e76-ed92-511c-90f3-4c124aa2748a	117713	7241	0	0	0.0	13.874	0.608	0.0
67ab87a7-d40b-5881-8ec9-9c23b8e7ada2	228615	9364	0	0	0.0	12.567	1.000	0.0
94bcb759-17cb-54c5-87ca-fb494e7f8b59	168007	8123	165399-167096	0	4.787	12.414	0.474	2.021
b1ca516f-5d1a-5caa-babb-c58758aa8f09	132083	6526	130725-131453	0	8.964	13.919	0.494	3.599
6d2f47d6-2847-5778-ae54-34bbca8face5	100648	19961	399-1532	399-1510	17.618	13.933	0.471	15.174
02320477-eb30-5f64-b77f-9cd2a80c65ff	110540	70961	102160-110518	108507-110502	8.490	12.344	0.454	1.484
e93cbd98-b45a-5fdf-8678-8059ddb86d59	113661	174366	41-8709,107620-112231,112495-113561	46-8709,112498-113561	12.155	14.503	0.241	8.165
79d6ab98-3cf0-5567-b586-bcb79d73e218	106340	21801	103516-106116	0	8.385	12.138	0.518	1.390
e13408fd-6dc7-5436-a055-15cf716d2f99	152036	13326	125-2094	125-1684	6.768	12.575	0.356	4.586
5f4e4c66-ca15-5798-8a17-c8b1e8090208	122847	122796	0	0	0.0	13.670	0.048	0.0
8dc2adc1-6eef-517c-aca9-ce81fcce0586	151018	220070	75-13958	0	15.852	15.113	1.000	0.000
7316363b-e76d-5d9c-952b-0ef79845574e	266826	23848	261473-266009	264439-266009	5.257	10.225	0.440	3.542
e598e4a8-b6f0-57b1-b85e-db505e3d5379	205259	23327	516-794	516-794	83.910	11.626	0.345	83.910
39a2e13c-628e-5b27-a58f-985920ec0e4a	125089	12665	0	0	0.0	13.216	1.000	0.0
339bfb23-2eef-58ed-b99a-b46844948a59	102964	9606	0	0	0.0	16.286	0.510	0.0
be951e4d-4362-552b-9395-c125fb2c8839	106675	26663	662-3577	816-3569	9.147	14.381	0.354	5.019
1338e18d-cbb2-5388-9d96-497512f31d4e	142807	0	0	0	0.0	12.825	1.000	0.0
73967188-bc9a-5062-8ff6-23946b473afb	122175	0	0	0	0.0	13.755	1.000	0.0
e567b1c4-d3cd-5c64-9e93-a1dfc3fc5ad9	165802	853	0	0	0.0	13.370	1.000	0.0
2559914f-ae93-5f5c-b64c-5e474c891dea	123501	44107	121600-123382	121600-123382	24.751	13.517	0.419	10.002
52809d32-832a-5435-b60a-761c85caf251	118264	0	0	0	0.0	14.037	1.000	0.0
59af514e-84b8-504a-ae7e-90151fb5f52f	132547	105554	80-6979,126575-132506	127282-132467	8.227	15.412	0.347	4.357
0ed508a6-7d4c-587d-8a5b-56fc85b3ff2c	201290	36315	1085-1601,195288-200692	196714-200681	6.134	16.598	0.354	3.234
ef3285a1-c06b-560a-a9e9-0ffaaefcbf17	161433	58363	627-11729	627-5287	5.257	16.221	0.377	3.603
1da68758-6929-5e46-862c-a509945207e0	102074	2919	0	0	0.0	16.348	0.531	0.0
4146821f-7394-578d-9d12-2e272a2efd0c	109221	26084	981-1316,107611-107789	0	50.846	15.827	0.240	47.248
82921d1d-1b60-5cd2-8aa4-eb63a78ddb7b	134615	1674	0	0	0.0	14.984	0.487	0.0
1b27084a-623d-51db-9d63-ae541fb34674	169803	8364	0	0	0.0	15.422	1.000	0.0
714d77c6-7627-5938-a094-fa297ab957ee	104014	191914	86-7070,99513-103976	139-6863,99513-103728	16.765	15.177	0.284	12.768
118cba65-2b0a-50ef-94bd-e37d5f1b948c	127269	1554	0	0	0.0	14.016	0.463	0.0
118658a9-f356-5e26-a3ee-7836cb53a8c9	178362	192822	120-2796	690-2796	72.056	15.030	0.284	71.662
6c18e483-0fde-51e9-be29-05c4d9ca9d69	121911	120922	0	0	0.0	16.090	0.346	0.0
4868951d-fb58-5d12-aa1f-f40bc52be1db	109702	4170	0	0	0.0	15.235	0.517	0.0
e581edaf-bb7b-50c7-8bc4-4934cb83fbb1	125861	24276	55-3996	55-3996	6.160	14.486	0.276	6.160
5e51851a-635b-5373-852e-a2a712178616	161595	2990	0	0	0.0	16.309	0.526	0.0
e5403251-b8fd-54c3-9ee4-7ab3352f4a1a	177817	4300	0	0	0.0	14.643	0.528	0.0
0d049fe0-3e65-56fb-8271-6e2e1ee2594f	114428	169017	1634-4828,96699-114417	1954-4828,96699-114417	8.082	16.267	0.152	7.766
a50d1956-eb66-5e93-93c9-ea53e7835f35	169546	753370	138963-169473	0	24.693	14.941	0.356	11.012
8c25766f-973f-5d5d-9c6c-3e649684dc62	143862	37786	314-4909	593-1723	8.223	13.394	0.467	5.671
6333c079-3053-559b-9497-52a66d1f2b1e	122880	98862	113619-122837	113619-122837	10.725	14.936	0.353	7.777
bd3256fa-65e3-5bfa-82eb-d5f3954ec778	178118	0	0	0	0.0	13.142	1.000	0.0
343a06b1-1a7f-5a3a-b40f-125a8d1b538b	127061	42725	123940-126556	0	16.332	14.142	0.330	8.814
881fdce6-77cd-5e41-8379-cd336acdda6a	103129	0	0	0	0.0	13.029	1.000	0.0
02a86b59-95db-5a50-8425-e9378e666872	135432	14116	311-2008	533-2008	8.318	12.573	0.403	6.813
2077fde8-d1e5-5646-b55d-de5adc9e5647	117517	31528	1036-5167	1036-5145	7.632	14.717	0.316	4.862
549eec9e-881c-5977-b619-e7f8542f945f	160235	0	0	0	0.0	13.711	1.000	0.0
1abbfa13-3d54-50d3-bb2b-6bedeb40e7c7	101428	28394	0	0	0.0	14.136	0.555	0.0
a8039448-6c8a-58aa-80ac-0fc1dba93e21	173104	16143	169211-173079	169211-173016	4.173	12.412	0.399	3.983
bf611053-97f7-5d03-9a48-5e62c71637af	251750	0	0	0	0.0	15.344	1.000	0.0
1fcac99d-57d3-5a58-a194-c752472249eb	114740	54155	31-5915	31-5915	9.204	14.788	0.284	8.422
4612596b-9a88-53c2-ba9e-4c66fb89a857	125222	10687	123115-125159	123115-125159	5.228	11.947	0.318	5.228
271e689b-ffdb-5b46-bc79-3bcab66dd989	113914	34417	93-336,111528-113796	0	13.706	14.527	0.476	4.380
86c28f29-2c35-5a0e-8de5-05c261a02f80	102156	8703	766-1666	766-1666	9.670	13.882	0.461	3.181
a7de32ba-fa7d-5b56-85eb-7847705c2c38	215736	14940	213965-214067,214519-215726	214519-215726	11.413	14.249	0.516	3.619
1096d48e-e5db-54af-9d9c-98a526bb2b3e	150159	15198	146636-148389	0	8.670	12.585	0.466	7.179
32db9017-fd5c-4314-b111-14a9ed83809c	110076	21195	107197-109358,109600-109647	107197-109358,109600-109647	9.599	12.819	0.422	5.254
f0a7d3b0-b815-5d1c-99af-009a5490b017	113169	0	0	0	0.0	12.468	1.000	0.0
a29378e7-7c82-5b66-984d-32a5e70a7e7f	135366	0	0	0	0.0	12.999	1.000	0.0
214d2d82-9556-5d9e-b0c0-6cb35f84c694	178543	13785	0	0	0.0	15.643	0.533	0.0
b4584275-9ec2-5fae-9aae-f50e9cac8b27	113145	14485	0	0	0.0	15.366	0.290	0.0
9f2fa821-a7a4-53ba-9f49-6b5dbd33840a	103221	17838	0	0	0.0	13.434	1.000	0.0
a3e50c0a-c42e-586c-b12b-09c49e8b24f9	112684	28759	296-1090,1140-2248,108098-110810	296-1090,109003-110782	6.233	14.022	0.317	3.645
ba74a5d5-9e6e-545d-98d4-a56f86c76bd9	101665	38724	956-971	0	2581.600	14.841	0.460	155.467
77805206-8d20-505e-a490-3f766e04e6a6	110231	40685	107167-110125	107167-109869	13.754	11.987	0.309	11.302
fb883400-687c-5fcf-99df-7d57ea4295a1	111026	258229	46-7730,97550-109946,110451-110892	52-1179,109121-109909	12.584	12.026	0.342	11.005
1e9a3d17-e840-5ce6-b27c-b27fb7bb7e60	188955	9580	0	0	0.0	11.289	1.000	0.0
281b4f22-90d0-5e26-9d53-4226e99cc4e4	156225	26841	280-2576,153907-156221	280-2536,153907-156221	5.822	12.380	0.378	3.985
bdf1f844-695c-5e35-85cf-853241676ab1	145708	4417	125-441	0	13.978	12.942	0.518	12.690
1a34ce5f-e96e-5cc5-86f3-04f208cac25e	142664	40747	135948-141288	136140-141118	7.631	13.413	0.321	5.679
9ddb88d3-8f74-5617-8ad9-f072becc4704	114221	7622	113110-113996	113110-113996	8.603	13.289	0.375	7.683
6f736a44-b805-5b7e-b0d8-64a87fa900ca	100362	16396	736-2375,98003-99870	736-2375,98003-99870	4.677	15.021	0.283	4.218
e4982f10-08f9-5eec-a46b-c7681c61aa39	120939	99177	55-7401,119185-120877	97-6698,119186-120877	10.973	11.367	0.288	9.159
416e98b7-1b67-5750-8e70-03d87b65d856	118932	38720	158-683,738-1219,1290-2525,116336-117924	116336-116969,117417-117924	10.112	12.577	0.321	4.354
4a511df6-239d-552c-8c2f-a5382c2d2cd9	122405	379817	109119-122184	0	29.071	11.907	1.000	0.000
9aa88d63-64d1-54fe-abf2-e11dc4fcb1fb	141306	438587	157-22285	0	19.820	13.809	1.000	0.000
6ac4db0e-31b7-5aaf-939b-aaf5a2ae95d2	117332	44855	108892-116938	0	5.575	13.720	1.000	0.000
d57e4b19-d76b-5638-8502-394e0a984fa0	183586	3208	0	0	0.0	14.542	1.000	0.0
4fe2966b-84bd-5229-ad81-7a46a544f1d6	126646	151605	116-11287,123464-126048	123464-125079	11.022	14.903	0.345	2.309
aadb861e-6af3-5edb-b445-12bc2052e284	123259	130070	37-5196,118649-123247	37-5196,118649-123247	13.331	14.978	0.259	12.102
e3aaadaf-24aa-4935-b65a-9a767c2fd84e	101719	128995	89094-100935	89094-100935	10.894	12.545	0.325	9.832
a75f2015-4d32-538b-a701-d795683eb147	176530	37173	1296-2175	1296-2175	42.290	11.576	0.212	42.290
87af4eb2-0673-545a-a752-dd38db98762d	101345	13064	389-1084	0	18.797	13.877	0.529	13.642
cc359a9c-878b-5c82-9377-b6049ced415a	100211	60793	95345-98903	95345-98807	17.086	13.651	0.359	12.689
5e1c9ec8-9252-5e5b-8e68-24b9fb4c6e1c	250950	0	0	0	0.0	11.564	1.000	0.0
29f86757-d8d6-581b-b53d-81cb5da1bbd8	260487	46618	293-5108	293-4128	9.682	13.850	0.383	6.864
3917d8c3-f13c-52ed-a13c-16401bb1941f	105621	74958	100338-105572	100338-105572	14.321	12.505	0.299	13.722
4320c0a0-1898-5588-8e5e-a5f778b940f0	142858	12119	0	0	0.0	12.372	1.000	0.0
252c6d91-fc76-554d-a1d5-2febbf0be93f	100466	17844	0	0	0.0	15.817	0.188	0.0
801929ef-d460-53f2-ad9c-6b382c252f81	100661	35711	652-5224	675-4331	7.811	15.037	0.399	4.366
39fd5526-8c43-5379-a038-41a9a71215ac	111455	1277	0	0	0.0	12.652	1.000	0.0
add2cc72-0dfa-56e5-875d-fe04130015e2	146400	10169	0	0	0.0	11.231	0.617	0.0
553a9097-b41b-57e7-b5ef-c5059b8cab1d	102972	17764	0	0	0.0	12.613	0.424	0.0
19695851-a97a-5942-9d1b-6650f3c9bdae	102609	5576	0	0	0.0	12.633	0.417	0.0
ac3579c1-96fd-5d88-912d-2b9177b173b6	104778	8610	1999-4579	0	3.337	15.560	0.457	2.337
be15d271-2b46-5e76-a247-5baa907760eb	160964	25280	637-2397,157676-160878	157676-160878	5.095	14.501	0.437	3.085
cbc1f8b6-ee5c-5d55-8f77-61f04f96040b	100481	18367	1699-4966,99106-100124	99106-100124	4.286	14.282	0.361	3.057
949a87a1-3f7d-5f5b-b9e2-5d476802ed75	119585	42915	971-8559	974-4027	5.656	14.240	0.401	3.084
9e7243fb-9761-5aa5-8607-7baf94d83b2d	112861	57634	105324-112848	109920-112757	7.660	11.188	0.404	6.128
b927106c-f525-57e2-b360-ed50a6d3f6eb	104701	21542	37-1003,100586-103738	37-1003,100586-103738	5.231	14.245	0.349	4.153
9a6846f0-2a61-53f7-a979-388ef109f23f	147926	4217	0	0	0.0	14.866	0.627	0.0
ff43b50e-4886-5ff0-ba81-71b0b45b08d7	148191	10008	0	0	0.0	13.230	0.490	0.0
7357ccf2-f5b4-59d0-aec5-b82ad0afa02f	125060	1291074	132-38966	0	33.246	13.482	0.542	0.014
8f0e6f2e-460c-5a03-92fb-ec7a288111a1	123465	429494	88-14764,121382-123352	121484-122365	25.802	13.785	0.299	7.554
a8110dc2-8020-57c0-8524-0d76d2f1b191	116177	22786	0	0	0.0	15.026	1.000	0.0
64f8efbb-f2a6-5fb2-b019-4bf5de2c24ed	231611	7221	805-1264,230873-231389	805-1264,230873-231389	7.406	15.648	0.442	7.406
a7bf9306-f195-5dbb-9dc6-193912263a0b	143941	28468	141423-142536	0	25.578	14.299	0.482	2.074
9cce5c04-6cc4-559d-8795-c148ea01a714	109900	271889	963-1380,1474-4936,95981-109491	1474-4936,95981-109351	15.636	13.204	0.319	14.339
66cf6c05-0e96-5773-aa29-4f7473801529	161434	897	0	0	0.0	13.873	0.501	0.0
8d96e186-b482-593b-8e98-a1e124ca47a1	104034	45923	44-3897,102455-103338	44-3897	9.697	12.122	0.307	8.733
023bc2f9-e647-5b66-b81a-d6b993288175	116092	11110	0	0	0.0	12.868	0.320	0.0
c84c6d70-0661-5724-8081-9024ad07cb77	100472	63936	164-9796	164-9796	6.638	12.506	0.370	5.355
2aa965de-f4ea-59bf-bf5b-0037752d407d	108713	250551	1672-3237,96624-108596	1672-3237	18.509	10.267	0.281	1.530
20504f3f-980d-5a5e-8243-37e1bee920c0	134924	30147	131939-134680	131939-134680	10.999	14.588	0.372	9.825
20d0a5c7-0b6e-5acf-a34d-72b78ecaa0cd	146813	20857	554-2572	0	10.335	12.562	0.515	0.961
8615357b-1dfb-5c57-9713-a35ed54f7055	143655	235898	64-6799,137131-143205	64-6799,137214-143205	18.417	13.704	0.308	15.647
9d918743-fd2f-5768-ac1e-f6d566857cf5	102023	21378	99134-101706	99196-100602	8.312	14.988	0.378	4.133
7d2777b1-ddc3-5e91-ace7-f3ff54389ff0	128487	146265	43-9276	43-9276	15.842	15.387	0.287	12.898
f9739f61-3e99-5669-8942-05cf9212f318	117150	7749	0	0	0.0	13.196	1.000	0.0
c4e7679d-2951-5a35-aea9-3d0ded5446d9	118035	0	0	0	0.0	12.884	1.000	0.0
b5764f8b-d7da-5db9-b093-ce849676f6ff	135809	1029	0	0	0.0	14.589	1.000	0.0
02671b87-b088-56b8-b7bb-9c063496857a	128096	12782	350-1983	350-1957	7.827	12.915	0.484	4.245
61409444-cc2b-553e-9fd4-3f247993adb0	136019	19960	0	0	0.0	11.842	1.000	0.0
bd58c13b-5ec9-563d-9fba-e6488af3f412	126631	403	0	0	0.0	14.840	1.000	0.0
427b7907-87b6-50fe-a333-c20d3b6a1835	118447	34328	93-3544	93-3544	9.947	14.957	0.387	8.334
6cf0fa27-3e5c-551e-bc7c-c251c305d468	100545	5889	0	0	0.0	10.613	0.570	0.0
4c08d5c7-f56b-5d4e-9fc0-8cd564110ad5	118470	22858	0	0	0.0	13.544	0.422	0.0
85ff17f7-6a21-5e32-84bb-8fe4325473f2	108594	32894	103216-107304,107334-108551	103216-107304	6.201	11.199	0.314	5.342
71e81f03-2b36-5539-99e2-37f9408e67aa	145333	5284	969-1692	0	7.308	13.901	0.394	5.712
4181b794-f847-5088-b05c-b393128eb121	225015	11079	0	0	0.0	10.229	1.000	0.0
c41984f2-1253-584d-92ce-a96cb6103147	117613	679504	76-31919	0	21.339	12.202	0.565	0.614
66524ecf-1b69-5f36-9f23-ea532c24cbd6	158145	8912	0	0	0.0	13.012	1.000	0.0
53fd4921-26b0-5818-8b7d-0b5e95169ba5	100994	14168	0	0	0.0	14.019	1.000	0.0
cec8b14b-134b-50de-976c-f7902dc32aa1	163940	3860	0	0	0.0	11.949	1.000	0.0
ad84d367-4db4-5964-8809-c8fba266f8df	202270	0	0	0	0.0	12.816	1.000	0.0
4cf5861d-9a31-5dd1-90e7-3b18caf1ca6d	135360	21878	1948-4970,133121-134808	0	4.646	13.870	0.421	1.456
1d6c27db-46ac-5479-8ebf-54c98bf4b17d	105562	5051	0	0	0.0	14.481	1.000	0.0
f9432029-e385-5cf1-a74b-6249c1e1ce11	119044	17382	0	0	0.0	12.956	0.486	0.0
3fec5759-f389-57bf-868e-4da5a17f4b61	158834	3482	0	0	0.0	14.162	0.383	0.0
5b489b99-627b-536f-9f92-61668d921895	101250	8597	0	0	0.0	16.593	1.000	0.0
ccb6fd6c-6512-5876-86ad-77f298ed2240	121437	0	0	0	0.0	12.041	1.000	0.0
58a0033a-3795-57f3-9f27-2373bf45e44d	119852	11557	551-646,118110-118606	118110-118606	19.555	13.040	0.352	17.844
efe28342-9f3b-5c72-9daf-8b4046a6e08b	109902	3451	0	0	0.0	12.045	0.382	0.0
eb5e38ca-1e4b-4526-98bb-ebbe0d0f6ea5	116427	66222	105624-116048	105624-116048	6.353	10.207	0.345	5.619
42f548bf-056d-43da-8d4f-cdf6758da4cf	123883	10054	92-1127	0	9.714	12.166	0.513	2.229
67c6230e-f2f5-5323-ae26-ff035df845d0	244609	8707	0	0	0.0	14.234	0.631	0.0
587aa067-0ade-55d6-982f-083a5cae00ef	106966	14196	0	0	0.0	12.275	0.438	0.0
c5eaeae2-2e2a-5320-a190-6d0450ad6a2c	102217	20489	101272-101662	101272-101662	52.536	13.688	0.384	52.536
8a0e2737-efe4-4201-b951-0a625d42d475	104586	205942	0	0	0.0	13.325	0.051	0.0
3e40564b-e933-582b-87be-734be57b56a5	108233	6438	0	0	0.0	13.883	1.000	0.0
4c63c3a5-06bc-4ccf-98eb-2a71647c9aeb	111884	143679	40-161,365-1396,1522-5765,107220-110179,110642-111327	393-1396,1522-5765,107220-110179,110642-111327	15.895	12.247	0.067	15.645
539592ef-763d-5895-a4bb-4cbbebd5acca	150257	25471	322-2026,143691-149618	0	3.338	13.712	0.428	1.313
e5b9d9ff-f9fb-50a3-8be6-4c6d22c0ed8e	140118	6860	0	0	0.0	10.107	1.000	0.0
2fecd2ee-4fa0-5b4f-8e69-2209685ee8b4	110603	54833	41-3536,108332-109687	678-2254	11.306	12.618	0.417	5.296
136dc32e-a50c-5744-8704-f977facd269b	123797	3915	122852-123345	122852-123345	7.941	11.794	0.362	7.941
48622fa0-a990-59a8-95ab-2ea7b3a202b7	124168	279075	534-15125	534-15125	19.127	13.822	0.355	18.714
9a118518-b418-4a4e-bc42-81981b1c5cc9	134680	52558	56-4551	56-4415	11.693	15.340	0.373	9.241
3f30b418-2d29-5fd3-b661-ed2d81bfd78b	139953	35049	132589-139760	138245-138605,138606-139384	4.888	13.196	0.334	3.863
d36b0792-c31e-52d2-8aaf-0cd0262574ff	103309	38089	97028-102011	97028-102011	7.644	14.681	0.294	5.334
9aecb49e-cb11-5c2f-b461-74048f3bb3a4	107771	84387	102631-107748	102631-107748	16.491	14.258	0.326	15.921
e3288113-6eb5-5fb0-8ae3-6daf89e74fd4	165349	7747	0	0	0.0	13.729	1.000	0.0
3518218d-4832-5502-9022-041523350461	104576	59702	36-5055,99242-103563	99-5055	6.392	13.681	0.332	5.092
d153cd51-ad06-5103-bc1d-aee9dcce03ae	137527	0	0	0	0.0	12.908	1.000	0.0
66811331-e41e-54ae-8939-b5ae33965a4c	134522	39524	91-1235,1288-5344	91-1224,1407-2318	7.601	13.141	0.429	1.972
96c41cf8-5f64-56a3-b7d3-fb68ca402db0	123048	65951	782-6671,120440-123004	903-5366,120440-123004	7.802	13.494	0.372	6.075
9f1e211d-65f6-5383-a073-c8f8150ad38e	158437	10473	834-3120	0	4.581	14.854	0.438	1.330
197e623d-2317-5f62-999c-1d4bf2448f75	116232	0	0	0	0.0	14.143	1.000	0.0
0903c9cd-75cb-5dc9-ba70-d91bfd791947	102341	5738	0	0	0.0	11.495	0.273	0.0
b83a6aa4-afe0-5367-b294-bba6351e45ca	194629	21420	189501-193802	0	4.980	12.946	1.000	0.000
fea7f039-5206-5e23-bfc7-af671fafc035	110330	27526	131-1249	131-1204	24.621	14.206	0.401	11.159
447ac7a2-bef8-5ce8-8a9a-7516b10868c5	122759	3864	442-1171	0	5.300	11.910	1.000	0.000
3b878152-d286-50ee-b7bd-a7bd8278000f	115093	36339	112152-114712	112169-114712	14.195	14.166	0.380	9.117
9bb52d62-e8cd-5f01-b3d0-464a30599b9c	191886	14971	52-1016,1075-2017,191687-191861	52-1016,1075-2017	7.198	12.006	0.468	6.432
dde81421-ba00-5c06-a30e-5044d455c85a	139404	0	0	0	0.0	15.478	1.000	0.0
d92effbb-cd86-5de8-bf43-2f31fb6887ca	118765	55458	63-6371	63-5336	8.792	15.410	0.240	6.293
16b80923-a2a6-5ac7-8b1b-fc268cf3c77e	127147	13562	0	0	0.0	14.973	1.000	0.0
77ed036e-6979-5b75-9afe-4be8c827eab4	102764	5852	1695-1711	1695-1711	365.750	12.158	0.489	365.750
b3ff947f-a55f-5f24-bdc5-d7632808aba5	109767	5720	0	0	0.0	12.287	1.000	0.0
687ce7fb-4001-52fc-b52a-b0f77ed9bf32	107403	127657	99078-107248	0	15.625	15.535	1.000	0.000
c71928a8-eca7-57a7-8364-ce0e005578fa	135192	7265	0	0	0.0	12.357	0.623	0.0
2c0f631d-7ef7-57e3-9943-1fd98898ec8d	198886	32274	1584-4429,194833-198831	1694-4429,194833-198831	4.716	14.870	0.358	4.162
861c7500-22d2-592e-9b64-38eeab11c627	134181	58921	127699-133939	0	9.442	15.926	1.000	0.000
d8156c0d-9da3-5565-b886-c1c420f960c9	122407	930	0	0	0.0	14.280	1.000	0.0
76996cb0-48ce-5be1-95c9-b691534350d0	239574	66435	803-7557,238666-239554	836-6335,238666-239554	8.693	14.094	0.333	7.474
6665be10-7f1d-5bab-ab51-59fa6041c222	131732	49933	126052-130985	126621-130985	10.122	10.223	0.417	7.052
ff05bbd6-5b4d-5fc6-845f-7b6b30d700a0	104708	184475	40-6709,92701-104226	40-6709,93852-103537	10.139	13.845	0.272	4.607
c7fc62a5-a638-5d1e-bb7c-5a35a08670ff	149224	26795	631-3102,148176-148813	0	8.621	15.654	0.460	1.717
86f8a507-57c2-5ece-af11-86ef4e7a4453	113431	33223	1927-9586	0	4.338	14.343	1.000	0.000
fe49d640-24d8-5a64-80cb-5e49d829136e	103160	6087	438-756	0	19.142	15.617	0.502	18.138
bbfcd7f9-3513-5b64-a01a-4f7ab6912b6c	176952	759	0	0	0.0	14.830	1.000	0.0
86d3f0dd-25b0-5a5f-b934-07fd9b8d9bd6	143754	139928	153-10638	153-10638	13.346	12.776	0.259	13.110
593f769a-552b-516b-a8a2-596f29b4b57b	127009	2159	0	0	0.0	13.588	1.000	0.0
06da4530-68ec-51d1-b817-0d3e814eb3c0	117627	10438	0	0	0.0	12.832	0.519	0.0
1c3beecc-7254-5a95-b147-c8334006fc27	113097	9997	0	0	0.0	14.643	0.618	0.0
f7cf5113-d13a-50db-b85d-b85024361917	121669	0	0	0	0.0	12.609	1.000	0.0
ec8de3fb-9903-5412-aefa-28072c99d9b5	118410	0	0	0	0.0	14.500	1.000	0.0
184ef3d5-e539-5b76-890a-4a16b4afd854	103704	27085	85-1447,1917-4998,100209-101988	1917-4998,100209-101988	4.353	14.027	0.307	3.769
6803c58f-927a-5d65-bbcc-7bc97fd0eff0	101218	7915	0	0	0.0	13.187	0.413	0.0
9331e3b6-c2e4-5c5d-9985-c572219a9b4b	144466	26921	1894-6063,141883-143971	1894-6063,142218-142968	4.303	13.002	0.282	3.909
7dcba759-1f75-525c-b448-be88698c6afc	108609	30118	104806-106625	104806-106625	16.557	12.484	0.303	16.557
527607c8-4ddf-527b-96c0-e3fb771e24ae	201046	37108	198712-200802	0	17.755	11.972	0.497	3.199
7879407d-b509-5907-8506-63b80a480d07	166122	0	0	0	0.0	13.496	1.000	0.0
6227a28f-9af0-5f00-85b8-7ca48f3ceadb	108486	7275	0	0	0.0	13.264	1.000	0.0
f9f0df15-5701-5e36-8ed4-da6b4b57bcc2	109600	4912	0	0	0.0	13.106	0.437	0.0
a598baa9-5da6-57a5-90dc-18653d433eaa	106628	119675	27-5483,102391-104773,104856-106489	27-5483,102400-104739,104856-106489	12.636	14.769	0.233	11.840
26495e2f-dceb-516c-81e1-47a5ba0ec7eb	181235	0	0	0	0.0	14.699	1.000	0.0
bf492848-6d4f-5980-99e6-0cacf02f9b2c	241316	22096	238493-239733,240805-241162	238493-239733,240805-241162	13.836	14.524	0.428	5.250
3d9a3e99-7a59-52af-95e7-dbc4770c410f	151083	31168	148565-150872	148565-150872	13.510	14.170	0.404	10.001
5ebe3864-5b85-5eb8-8bdd-1230b53df139	119840	2234	0	0	0.0	12.918	0.549	0.0
ea1f8ca4-deef-52e9-bfbb-00e67c8de2d8	146835	19540	910-4323	0	5.725	10.262	0.396	3.530
7213af55-df8d-5c63-90c0-d0a5dfd5ace8	116681	1422145	165-39936	0	35.758	13.939	0.536	1.547
7d3d31fe-92ba-5f96-ba72-550879fd8b59	118069	17746	113540-116191	0	6.694	10.231	0.445	2.882
65500bb1-3579-52fc-acb3-cca12196aaa9	143082	26010	1986-4680	0	9.655	11.535	0.341	1.943
5622679f-f9be-5fc6-ba83-c053c643730b	242063	5491	0	0	0.0	14.117	1.000	0.0
b2dad609-4955-58f1-9d43-782df99f7a7d	119507	0	0	0	0.0	14.050	1.000	0.0
b04d47b0-4838-5378-a36a-a546f694a8eb	104583	0	0	0	0.0	16.430	1.000	0.0
58079a32-3172-5d67-ad8e-3bfc79e2c07d	143224	17600	0	0	0.0	14.732	0.574	0.0
7597fddf-3df0-57e1-aa30-4b3f7501ca6e	149530	7657	0	0	0.0	14.398	0.512	0.0
13d7bbef-129c-549c-b82c-747cec223ec3	135159	26434	0	0	0.0	14.088	0.535	0.0
bb039490-3b21-5c6d-81c4-83ec28195db7	205268	2385	0	0	0.0	13.517	1.000	0.0
c706f35a-bc1c-52ad-8586-b1974e82a45c	113414	16348	741-3636	741-1403	5.647	14.411	0.408	4.115
5adfbcf8-8337-5449-9f94-dc706f313c4f	105020	92819	93030-104508	93030-104505	8.087	11.825	0.305	7.070
d3219c96-378c-5cb0-b346-b0a053fb6771	105967	33451	440-3580,101772-105945	440-3580,101772-105945	4.574	13.832	0.299	4.514
f9e6054e-9252-5abb-8731-8b35f78d9ee6	193119	38115	186934-192649	187972-192236	6.669	12.631	0.436	3.283
e7691d55-5319-5c77-a1f0-43d2cbd24d58	101306	18499	402-3914	402-773	5.267	13.538	0.406	0.989
13452339-3ee2-5b11-a5cd-c992a0aa71b8	133942	133637	35-15529	35-15529	8.625	13.877	0.192	8.296
46c357e8-434b-5ad1-a4ca-14e49ae119dc	155994	14550	153437-155554	153437-155554	6.873	12.672	0.391	6.873
8287e20a-4e81-543c-aa22-a5172c0b8e05	103343	18295	0	0	0.0	13.322	0.567	0.0
5823e9e0-f804-57e9-ad73-8ed511830758	119494	43320	81-3109	81-2466	14.306	14.862	0.347	12.272
fd75686c-9a46-5b77-99e5-c438cf4ce1a9	109569	243778	96453-108824	0	19.706	13.649	0.393	17.458
397b0830-4a33-52d0-a305-ebefc37996ae	165202	11362	163155-164631,164794-165168	163155-164631	6.142	11.709	0.506	5.939
2c160572-0759-5072-aadc-cc06cf2b56ab	100163	1451	0	0	0.0	14.459	0.372	0.0
65bddb7c-b0fd-5075-b5c3-208c26b43402	155401	0	0	0	0.0	14.036	1.000	0.0
e663c4ae-96ef-5baa-a84d-9e415cfbe7e2	138959	138530	0	0	0.0	14.284	0.392	0.0
082e8ebe-48ba-40b9-a23a-51e766ce722c	113217	133657	0	0	0.0	14.323	0.043	0.0
b97f4ba8-a781-5e9c-9877-2ba94b1aac28	113991	26000	109-3366	112-3366	7.983	11.515	0.429	5.852
1926d1e7-1adf-5b1d-95f4-9ba6f569a464	208779	35054	205152-208562	205152-208562	10.280	13.235	0.394	6.319
a80d0b47-470d-5dd8-8ff2-b015952af07c	112272	25060	916-1748,109831-112006	109831-111990	8.334	11.460	0.365	3.320
89ea7311-bab3-59d4-9b0e-4126c852bf9f	100460	52204	1304-3580,94831-99325	1344-2889	7.711	13.632	0.399	3.099
55ac0e34-8f8f-5880-a86d-6bd7d1ff3fcf	109316	71750	102519-109268	102519-109268	10.631	13.715	0.270	8.573
9f74f229-e800-41e9-92ec-b9604b48931a	102733	304338	1556-101588	1556-101523	3.042	10.934	0.091	3.018
b440d88e-8482-4532-994b-4c07b93908b6	127791	376099	1837-125980	1837-125980	3.030	13.093	0.051	3.030
f1e68a00-9dcf-410c-8761-110d56cce55b	127887	154760	70-4206,126318-126607	70-4206	34.974	12.825	0.055	32.465
ecd25513-4dac-4add-bec2-5423855e2654	150147	221481	1282-3575,139757-149143	1282-3575,139757-148906	18.964	13.448	0.049	16.839
67f9cbde-58cf-4dd5-94fc-ba04bd9e6ebd	115620	259270	124-2201,103602-115528	124-2201,103602-115528	18.515	13.087	0.056	18.092
7cc0aa77-7fff-4375-99f1-18c7d0376227	124410	186795	613-8949,119407-123918	727-8949,119793-123918	14.540	13.437	0.052	13.406
bb48da95-473f-52a8-8d43-005b0c67c1d7	115047	0	0	0	0.0	17.226	1.000	0.0
d720a9aa-baf6-53c6-9d3c-758dae307c5e	109747	0	0	0	0.0	13.613	1.000	0.0
f453daa1-4ebe-4eef-9a47-06a7289e0105	112076	122851	0	0	0.0	13.245	0.055	0.0
958e6d74-7247-5767-8451-9e52fd900280	117629	46605	113675-117591	113675-117591	11.901	15.471	0.365	10.308
9694c233-08fb-448b-a8a1-77bf28933c8f	134321	178650	866-3568,130967-133688	866-3568,131131-133688	32.943	11.653	0.074	31.231
0d569afe-c382-433e-82f1-32c4ac89e758	111150	161403	352-11883,106012-110937	352-5044,106012-110937	9.808	11.884	0.074	8.733
7692d13a-4431-4661-9039-d36625d208b9	104749	104698	0	0	0.0	15.395	0.032	0.0
7976b5dc-1778-4001-904f-66c74925e9d5	102653	129088	91224-102632	91224-102632	11.316	15.091	0.035	11.316
08170572-796d-4fdb-8f02-49185df25dcc	105497	338652	87-104485,104964-105077	87-104485,104964-105077	3.240	18.871	0.015	3.142
aeff2e19-288a-4973-9c84-7d3204decf3f	138869	201422	44-4265,135006-138808	49-4265,135006-138764	25.106	13.375	0.052	22.077
71a7f141-8a7b-5ce0-ab86-5270b40a88d6	108967	121538	277-1877	277-1877	75.961	14.110	0.043	75.961
a8a6490e-c82a-4d5e-b79a-1aece64d3cd6	118721	9356	0	0	0.0	11.365	1.000	0.0
3642694b-3da5-4a02-8fa5-48f39ba3af0a	118029	18415	116825-117450	116825-117450	29.464	13.323	0.452	19.250
3fbb6a58-6e85-4090-a950-9c0dfe8d66d2	114260	42444	111506-114222	111577-114169	15.627	11.140	0.316	9.405
25b94342-e612-481a-b5e7-d9bf660b3838	134454	134362	0	0	0.0	13.265	0.051	0.0
cc4271a6-e5b7-5e2a-a871-b78a5ff444c5	120935	35110	73-4384	104-4384	8.144	17.617	0.301	6.584
ee2c9f24-9b6d-4997-af80-ab4cb0d793c8	108464	224495	38-6671,101918-108455	38-6671,101918-108455	17.046	12.568	0.058	16.539
cf24b1e8-b188-59ef-a6bb-58886cddb420	112009	115200	0	0	0.0	11.272	0.087	0.0
0f336a3a-7562-451d-bf6a-eb8c0243a701	162748	162693	0	0	0.0	15.172	0.034	0.0
a16104be-15fa-484c-94f1-9e456dc766f4	100554	157534	30-1825,1843-3944,98898-100545	30-1825,1843-3944,98898-100545	28.420	13.177	0.056	25.391
267c3682-a5a8-45c4-aae8-9ab515446d77	117943	139795	117240-117727	0	287.053	12.816	0.055	267.667
00291b9d-5480-498b-9e77-375ec8cd4156	108379	139345	1182-5850,102799-106916	1182-5850,102799-106760	15.862	12.464	0.064	15.604
fd129a14-b281-468b-82c9-43a1f172052f	113353	182976	96248-113342	96248-113342	10.704	14.189	0.039	10.695
6e33c685-123d-4c7a-a84f-4b77ddc19d18	130817	178973	52-1341,118492-129277,129354-130784	129674-130784	13.253	11.433	0.085	11.491
41bf27ee-687e-480b-8bea-4855f119dd27	103557	1577527	399-1730,1891-30747,52624-103486	440-1511,93098-101745	19.464	12.378	0.406	1.535
57ce5dc7-9b0d-4ce9-acbf-afdc0a3d9af9	101662	1216306	204-101487	204-101487	12.009	16.837	0.175	5.094
80f75f91-6b5c-45e6-bea2-fdd612fc670a	107893	121144	0	0	0.0	13.511	0.052	0.0
2dfab191-468a-4086-8b24-522eff0205c0	106133	132111	231-5793,102632-105844	231-5793,102632-105844	15.057	13.009	0.051	14.979
e02378ce-1a06-4ee1-864c-81a07e63f34b	114483	247838	52-15535,91200-114441	52-4472,107771-114438	6.400	14.426	0.145	4.447
69c92f58-7f6a-4043-950a-dc7b32862742	104173	109726	651-2609	0	56.040	12.929	0.056	53.178
9c5e96e2-3707-5bda-933a-2de26ba49452	108262	28501	106500-108247	106500-108247	16.314	18.984	0.410	16.314
eab8c9d5-3c63-5eb6-ac98-dca19a449e6e	134292	180332	726-20274,130250-133679	130250-133679	7.848	18.462	0.305	0.594
839aa2ad-08a3-42d9-b8d8-71c8bc176ba1	132998	150890	171-603,683-2645	766-2070	63.028	13.602	0.051	56.910
1ab58e7c-70b2-4b29-91b8-b0f0f43af600	102511	33869	166-230,1045-1077,99882-102097	0	14.656	19.821	0.390	8.073
642a2403-b8ba-416b-9154-50155c772c0d	137858	137825	0	0	0.0	19.844	0.011	0.0
d3bb3c79-457d-5315-bc45-708d18016837	102628	49354	230-3302,101424-101663	101424-101663	14.906	16.635	0.274	2.310
a3b68b29-5540-41bf-ae90-b42c439f14a9	128275	1936233	157-128265	157-128147	15.114	13.164	0.233	5.741
d8b669f4-dd20-4a43-a888-847ef3d0f043	103738	18858	99368-102900	99368-102900	5.339	13.839	0.319	5.339
79918ea0-364f-5613-bf1d-7b1bea62cf44	148105	18532	147291-148091	147305-148091	23.165	15.418	0.423	16.642
d6171756-50ab-5d8d-ba13-e492da6191c5	248238	6283	246144-247569	0	4.409	15.552	0.622	1.395
459f42ed-65b9-532a-9444-523598144493	137998	20770	197-3332	501-1586	6.625	15.994	0.418	2.562
b403543f-f2bc-451f-bf6e-6ee259e601fe	105727	311379	1464-104303	1464-104303	3.028	13.995	0.044	3.028
2136ce95-c98e-4715-a4ea-75b3546f25c3	105811	135683	98515-105078,105471-105743	98515-105078	19.851	17.168	0.022	19.747
4a941d54-9c48-4bd6-bc9f-766adfd90170	127248	60265	250-5411,122529-127239	250-4387,123101-127239	6.105	10.265	0.270	4.644
931b7072-e006-476f-ba00-ed40de7ceb73	145407	218459	41-5491,141850-145281	41-3563,141850-145281	24.598	10.156	0.097	21.252
2c5215c9-dc20-4211-bffd-002315d4a23f	145021	1606657	419-4265,4985-145018	419-4265,4985-145018	11.167	17.589	0.050	11.150
1d822685-6539-49f6-b72a-0e53de035979	102832	412029	494-102350	494-102350	4.045	15.819	0.029	3.767
1cc52a60-3ea3-43b9-97bb-ec74a99aa740	111106	111017	0	0	0.0	13.043	0.052	0.0
0c80249a-667b-4000-8152-49cdff064187	116469	615611	324-1929,65649-116141	324-1877	11.817	13.478	0.396	0.121
af682e4f-30ba-4169-8f82-b8a7f013e08d	129881	266841	185-4532,117659-129754	185-4532,118335-129754	16.229	13.828	0.048	13.257
36d0f814-6d2c-484f-8357-cd115d039fa3	139079	818013	61-20275,123309-139038	628-7382,127069-139038	22.759	15.730	0.049	7.533
8ccb789d-01dd-4572-bfca-c5dc01c33510	119629	172207	44-4402,115583-118927,118974-119607	712-4398,116406-117935,118281-118913	20.661	18.778	0.017	17.562
95d09df1-d0c7-44a2-bc24-c89c8349751e	131789	136431	1300-2331	1300-2331	132.329	12.540	0.059	132.329
08690d20-0265-4545-84d7-43a7c46e9589	116898	116759	0	0	0.0	11.304	0.079	0.0
a535573e-a9cb-44a1-9da0-ca1f9647d63c	111329	13216	55-915,1093-2332	55-500	6.296	10.025	0.357	5.408
ca012d8e-ae93-4dbd-aac6-6e695d6bb278	136972	145284	0	0	0.0	13.714	0.057	0.0
76e0d429-fd17-42d5-8c3a-379ad49bce9c	113912	151096	529-2946,104500-113828	111048-112625	12.865	17.625	0.019	10.101
bad3ec3b-6fb4-4160-b11c-cd0fa0a889ce	162891	162785	0	0	0.0	12.999	0.054	0.0
83e72e76-3c0c-525d-b83c-408309b54b6c	152463	36367	144626-151876	150301-151876	5.016	17.678	0.234	4.018
b5485a02-8c3c-533a-a03e-6b45df23a266	112711	50228	610-2169,106797-112353	106797-112353	7.059	17.254	0.174	6.626
98044d50-9959-5b4b-a3a6-9573ff9a3294	123364	61254	1152-3838,116221-123029	1152-3838	6.452	16.957	0.276	3.133
dcaabe04-0893-416c-a1d1-a9b447bff352	106952	211603	49-10958,97116-106890	49-10958,97173-106886	10.231	12.942	0.055	9.078
74501d97-6b04-4b37-85b5-cb1fed384f35	101198	125555	0	0	0.0	13.288	0.053	0.0
0ffa2eef-2f02-4238-98c5-977526904c28	104190	1963791	68-532,973-104143	1494-103903	18.949	12.921	0.142	5.709
304e2368-adaf-5a2f-b293-6727056c6a81	122225	84492	113275-122201	115593-121510,121538-122200	9.466	13.715	0.331	5.605
44cadc3f-ffdb-49ef-92a0-2be8a61fcf8d	101371	101335	0	0	0.0	13.642	0.048	0.0
81de2bd1-3ec9-4643-b224-bfda67e3dbeb	113343	124521	6-1557,1584-8590,103484-112802	6-1557,1605-3911,106038-112802	6.966	17.770	0.238	4.860
ae6046e7-58bf-411c-96e9-0f693a8208af	108817	4489373	79-108790	369-108562	41.296	12.815	0.198	9.124
1d12ff1c-bcc5-40aa-95f7-91732466d8b0	108507	33818	257-475,812-1937	257-475,812-1937	25.181	17.126	0.284	9.940
c66ec631-8cdc-464f-a4ce-9954d8acdf7e	101590	274866	1648-37899,97111-101310	97111-101310	6.795	13.556	0.253	1.098
a3a2ba0e-2af4-4edb-8ac6-ab0a298aeb56	106019	0	0	0	0.0	16.062	1.000	0.0
c8dd40ad-03fd-4700-bd81-934e80b8c8ef	100418	35210	1961-7188,98941-99505	0	6.080	13.785	0.457	3.580
c6dacde3-3f56-4ae1-a243-d5220801597f	100549	301843	702-99747	727-99747	3.048	13.588	0.049	3.014
dac83a15-7cdc-416b-af97-818ecf0e1ba7	101317	101233	0	0	0.0	13.666	0.051	0.0
760b503d-7055-4792-b2bd-9884a52cc3ad	130105	3727379	109-130023	109-130003	28.691	15.129	0.180	6.720
8bc8457e-a0ba-45a5-90f7-8dfba867b76d	115231	156943	523-13944	0	11.694	14.840	0.034	8.583
6ce149ce-0e9a-4908-87cc-1ea5c1b34ce1	123965	252692	427-3911	0	72.529	11.991	0.385	69.807
1a1bb2f0-693e-4295-9055-705895299dd9	135486	2038013	97-40122,92802-135439	0	24.655	13.747	0.120	2.118
fd0be4ab-a496-4ece-9502-2e7612f45e97	107232	169645	45-5981,100700-106599,106891-107179	45-5240,100700-106599	13.994	18.153	0.017	13.370
681b797c-56ac-4ee6-be24-b82ed7c7be07	190785	201082	0	0	0.0	16.054	0.027	0.0
16bfdc60-1ac4-4cdf-b45b-61bf81d113f5	101195	316299	169-101028	169-101028	3.136	15.838	0.026	3.128
a3c44b97-a9b5-4ff9-b1a2-ee1b0d51b6a6	114406	129043	869-3916,111045-113274	869-3916	24.458	13.558	0.048	23.090
646f9d12-e675-4537-be53-8d4d9c02c446	107181	118703	0	0	0.0	14.223	0.041	0.0
ecd28566-27fc-4b1e-bd2e-7c5a9e05f746	106145	118963	65-1219,104651-105964	65-1201	48.222	11.353	0.075	44.373
bdb07384-ef07-4372-9e2a-4e60c8198a3d	100652	10689	1150-1230	0	133.613	11.355	0.277	82.150
da860697-c2e4-4daf-85b2-2b8fd474f3cb	104324	108885	0	0	0.0	18.907	0.017	0.0
3ca98c8d-3509-4885-b61d-73ff8934e6f0	107819	19945	0	0	0.0	16.701	0.575	0.0
0fbd6292-c5ad-47c5-b223-6b3d8110feac	110992	154641	129-243,1143-11430,108325-109968	1143-1183,108330-109968	12.840	12.900	0.056	9.825
d82306b5-df96-4c99-b7c4-92db9f50beb6	110344	110300	0	0	0.0	14.527	0.038	0.0
75b4d57a-8762-53ee-87d9-a713438b3ed7	108526	52065	99427-108131	103986-108131	5.982	18.481	0.231	3.104
1f1fcbb4-1a83-55db-9bbd-110484103799	163074	113139	157197-163058	157197-163058	19.304	15.641	0.320	14.541
5924b316-0fbe-5f57-ad38-3820d4eef57f	213816	241669	202885-212974	212246-212736	23.954	16.895	0.318	22.893
d448f777-be08-4d52-9ede-e5d58dc6f381	109328	408440	1325-11849,100409-108710	1325-11849,100469-108710	21.697	13.376	0.053	20.762
0dd11ae6-c942-588f-adfd-5abed7feeab6	157063	39660	152654-156241	152700-156236	11.057	16.433	0.393	5.511
225631f2-867d-5978-9d1e-705fcbdef938	103909	14094	0	0	0.0	11.047	1.000	0.0
d55708e0-6870-4e6d-b877-2d049aad1b5c	115514	1964	346-552	346-552	9.534	16.579	0.388	9.534
948b4a63-d21b-59c4-8ee5-3433ef7ee2bc	100467	50152	1006-4580,95586-99969	98140-99601	6.303	10.697	0.419	2.118
58d438d8-0a30-51dc-a70c-3d84e909ef4f	133899	70424	38-7153	38-3214	9.898	15.247	0.372	8.347
0407cd48-241e-553d-98ff-7c19d92baaa7	172460	41900	166297-172447	166297-172447	6.813	17.236	0.291	6.813
384a3b96-775a-471b-aaa1-a1734a5fc406	100571	120818	302-9255,97722-99428	464-6392	11.335	12.189	0.337	5.738
99972ba1-7899-4887-b515-5e7eb65ac70d	104777	1957806	105-104767	4054-103881	18.706	12.129	0.213	3.991
01d7f76d-fb4d-40b8-8da2-b2213e2cad45	100247	44505	90314-99163	90314-99163	5.029	10.630	0.408	4.662
b4287aff-8882-4180-bbb4-a0eb2da2a3b2	108655	176331	91721-108635	91721-108635	10.425	13.263	0.048	10.425
ea09d435-9db7-40ab-a3e3-9c88f728ccb7	105811	104158	0	0	0.0	12.159	0.056	0.0
c4430242-f870-4c62-bb60-62ef1d0e6422	105293	108911	0	0	0.0	13.336	0.050	0.0
3e043480-ccd9-4049-9576-100f1d0df0e1	102388	187576	862-6899,92019-102032	1068-4041,94026-102032	11.687	16.019	0.027	9.422
23a70dde-9dea-42ce-8452-70065a0254fe	100652	40573	96716-100346	96716-100122	11.177	14.271	0.386	8.889
b739b3d9-b294-49bd-9d4d-4b496ca183d5	122859	247026	1976-4429,120930-121803	1976-4429	74.271	12.405	0.222	74.008
5166b887-4a4e-4c51-b238-3eb186e74113	109702	318207	46-7905,94914-109688	46-7031,94914-109688	14.059	14.938	0.035	13.248
182ace9b-180d-57b4-a518-cdde8933103a	100805	11193	99052-99279,99399-100754	99399-100754	7.075	15.570	0.365	3.374
a49bb15a-3f26-5749-a8b6-a5e73645246d	118214	81344	109047-117559	115018-117546	9.556	16.548	0.349	6.913
688e7a02-5f60-449c-97b5-2d1bc5e48700	114008	161195	52-10489,109094-113788	284-1494,111327-113770	10.653	13.093	0.056	8.118
d5891862-75a8-5e97-8a25-79b2a1831b83	105266	34837	974-3669	974-3662	12.927	18.009	0.389	8.966
aec69b12-641e-5393-be0c-739e96e50b21	443453	8501	0	0	0.0	17.152	1.000	0.0
8b503882-9d43-4a8b-9ff9-c4b8e598de22	114422	188142	316-6429,108925-114308	316-6429,110709-114308	16.366	17.153	0.022	14.446
80c5ee33-9821-4b8a-a9c6-fb18333c7c4c	108442	339311	51-9090,99451-108395	51-9090,99451-108395	18.868	13.237	0.050	17.910
e3ad510b-83e2-50cc-8aa3-d96ce038e367	110385	9253	0	0	0.0	18.397	0.413	0.0
13a42bc1-a9a4-55a3-9cd7-c6f662cf68af	243381	11602	842-2275	842-2275	8.096	19.105	0.371	8.096
d4b533c4-678d-4ebd-9dd6-77a4bea90862	116275	1723490	37-116259	37-116259	14.829	11.839	0.055	14.829
b07f95b0-772e-4b71-a334-a9616b3ce6ab	106269	122368	101739-106249	101739-106249	27.133	17.189	0.024	27.133
b3287124-8b71-4b52-81e6-f96bf515e03a	101258	101146	0	0	0.0	13.232	0.051	0.0
974aa81d-cae7-5c34-8a29-e9eb25b365c4	101719	31102	128-7257	0	4.363	18.044	0.360	1.856
d95a09ab-2577-4ee8-80f3-0d369b2f37e9	113862	30180	108989-113030	110944-113030	7.468	12.018	0.356	3.896
28c7ce29-e7d6-4931-8e7a-2c1240f46017	100933	34321	0	0	0.0	13.341	0.119	0.0
d4a93038-4081-5ba7-b692-86310aacc943	180350	9461	0	0	0.0	17.335	1.000	0.0
7996a85f-14cf-42f1-af5a-e3a2e2b02958	103453	1762280	34-103433	34-103433	17.043	12.121	0.063	17.043
d2b9bcd4-af59-5d7b-a168-db6f55cc3ebd	253535	5530	119-545,663-1715	663-1715	3.742	17.494	0.464	3.221
3b93ae27-9a41-46c0-8d8c-895c3c20dd2e	102711	2403	0	0	0.0	14.540	1.000	0.0
78475644-a93f-4165-8bc3-95d482bfe811	111705	155951	52-3814,105254-111555	52-3814,105254-109947,110078-111555	15.497	12.605	0.064	15.125
30f13b9d-213c-4b72-a786-7e466ad6650b	100230	172206	109-500,546-6385,96032-99622	853-3936,96792-99612	17.536	13.068	0.059	11.940
09374ca9-7406-4a47-afcc-58a42c169fb4	131403	169367	61-5191,125793-131340	61-5191,126424-131340	15.863	13.476	0.052	15.489
34e635fc-9680-5f24-8797-18e50d82444a	132056	99529	126572-132030	126572-132030	18.235	17.726	0.294	15.187
2f57dbfd-9f40-5be7-a982-8e93d57c4d0f	119376	27349	116382-118425	116382-118425	13.387	17.781	0.357	13.387
78d9d76c-3be2-51fc-a2fe-aa864a75e7a7	295206	718	0	0	0.0	17.902	0.549	0.0
acd0b7ae-0ee5-4674-9e78-a8d7d81b9ae7	110852	10723	0	0	0.0	14.381	1.000	0.0
86282dea-dcb1-4207-aaf5-831ee78c5d97	100012	99871	0	0	0.0	13.871	0.047	0.0
9252f369-b617-4bb4-81ed-6b0901089839	100889	310381	1301-100830	1301-100830	3.118	11.003	0.086	3.118
eb39bf1c-efe5-4ac3-831d-c9a67b3b7bec	102358	83346	95553-102046	98082-102046	12.836	13.995	0.340	10.013
2a8afb87-b3b6-4e08-9285-a79343061bba	117365	174277	56-5093,109682-117278	56-5093,109682-117278	13.795	12.842	0.055	13.740
7e72cc27-3fda-45ba-8821-61a40c7f2962	121222	184873	1730-11017	1730-11017	19.907	16.683	0.023	19.907
1402a0f8-7083-49d5-9ba9-a80cdabc761e	106820	116852	0	0	0.0	18.312	0.019	0.0
dcb2f317-0716-4fdd-92b5-5c1aa0508b8a	106875	7356	0	0	0.0	19.004	1.000	0.0
0f9209b4-709a-4cb6-973e-5140d898f57e	105008	1133	0	0	0.0	12.354	0.473	0.0
2520bc63-03e9-461d-a331-973051ed45eb	109157	0	0	0	0.0	17.990	1.000	0.0
035c3a39-e118-4d0b-9555-50ceba6c0d8d	136601	143600	133861-135628,135726-136580	133861-135628,135726-136580	54.788	18.706	0.015	54.788
6485b6ba-6ce9-4306-875b-e2e080f96154	110949	1166656	35-110937	35-110937	10.520	13.652	0.083	10.469
ac88a37c-7a1b-41ea-b4a3-23247ec46314	125982	58329	54-7590,121049-124055	54-7590	5.533	19.816	0.236	5.049
ea749c01-92d4-48ab-b9d9-791e180c039f	107779	107736	0	0	0.0	16.529	0.027	0.0
9211cfce-0414-45e1-b291-9e2440f8d20b	135594	28501	36-4415	36-4415	6.509	14.395	0.324	6.509
3574b78f-6250-5809-9c58-8bf2211be822	121997	120866	0	0	0.0	12.377	0.066	0.0
141a412a-41fe-4166-9691-330b647a6231	136649	6768	0	0	0.0	15.962	0.562	0.0
